
                  X               _temp_2     

                0.                 0.         
                5.00092E-03      234.12E-03   
               10.0021E-03      -191.496E-03  
               15.0018E-03       620.553E-03  
               20.0017E-03       -76.3521E-03 
               25.0021E-03       276.64E-03   
               30.0017E-03       472.631E-03  
               35.0004E-03      -755.008E-03  
               40.E-03           469.059E-03  
               45.0009E-03      -592.098E-03  
               50.002E-03       -257.493E-03  
               55.0003E-03       159.167E-03  
               60.0003E-03      -667.447E-03  
               65.0019E-03       538.697E-03  
               70.0017E-03      -626.367E-03  
               75.0005E-03       571.215E-03  
               80.0009E-03      -178.072E-03  
               85.0006E-03       280.847E-03  
               90.0025E-03       324.954E-03  
               95.0019E-03       -63.9926E-03 
              100.001E-03        -28.527E-03  
              105.001E-03        -31.1557E-03 
              110.E-03          -380.765E-03  
              115.002E-03       -123.716E-03  
              120.002E-03       -120.811E-03  
              125.002E-03       -347.762E-03  
              130.001E-03        304.347E-03  
              135.E-03          -644.198E-03  
              140.002E-03        797.411E-03  
              145.002E-03       -632.744E-03  
              150.001E-03        675.845E-03  
              155.E-03           279.24E-03   
              160.002E-03       -629.022E-03  
              165.002E-03        935.937E-03  
              170.001E-03         -1.03735    
              175.E-03           396.223E-03  
              180.002E-03       -433.72E-03   
              185.002E-03       -227.198E-03  
              190.001E-03        136.891E-03  
              195.E-03          -556.115E-03  
              200.002E-03        510.935E-03  
              205.002E-03       -535.498E-03  
              210.001E-03        561.287E-03  
              215.E-03           -45.5851E-03 
              220.002E-03        140.318E-03  
              225.002E-03         67.3974E-03 
              230.001E-03         54.4485E-03 
              235.E-03          -368.002E-03  
              240.002E-03        123.893E-03  
              245.002E-03       -428.988E-03  
              250.001E-03          1.48585E-03
              255.002E-03       -100.871E-03  
              260.002E-03       -445.908E-03  
              265.002E-03        478.764E-03  
              270.E-03          -850.667E-03  
              275.001E-03        713.309E-03  
              280.001E-03       -173.305E-03  
              285.001E-03       -225.565E-03  
              290.002E-03        946.042E-03  
              295.002E-03       -746.439E-03  
              300.E-03           760.435E-03  
              305.001E-03       -310.49E-03   
              310.001E-03        103.58E-03   
              315.001E-03        156.152E-03  
              320.002E-03       -300.432E-03  
              325.002E-03        308.171E-03  
              330.E-03          -358.802E-03  
              335.E-03             2.06764E-03
              340.001E-03        -80.3929E-03 
              345.001E-03       -183.083E-03  
              350.002E-03       -187.99E-03   
              355.002E-03        353.362E-03  
              360.E-03          -407.398E-03  
              365.E-03           463.762E-03  
              370.001E-03       -112.451E-03  
              375.001E-03        124.866E-03  
              380.002E-03        300.854E-03  
              385.002E-03       -289.401E-03  
              390.002E-03        620.991E-03  
              395.E-03          -412.219E-03  
              400.001E-03        373.286E-03  
              405.001E-03        195.02E-03   
              410.002E-03       -522.1E-03    
              415.002E-03        530.014E-03  
              420.002E-03       -381.559E-03  
              425.E-03          -131.044E-03  
              430.001E-03        230.019E-03  
              435.001E-03       -611.208E-03  
              440.001E-03        483.009E-03  
              445.002E-03       -670.878E-03  
              450.002E-03        314.29E-03   
              455.E-03          -271.336E-03  
              460.001E-03       -171.161E-03  
              465.001E-03        314.381E-03  
              470.001E-03       -212.979E-03  
              475.002E-03        144.242E-03  
              480.002E-03        244.425E-03  
              485.E-03           -52.1445E-03 
              490.E-03           113.977E-03  
              495.001E-03        201.142E-03  
              500.001E-03       -272.519E-03  
              505.002E-03        437.422E-03  
              510.002E-03       -467.9E-03    
              515.003E-03        340.681E-03  
              520.E-03          -158.548E-03  
              525.001E-03       -363.56E-03   
              530.001E-03        551.19E-03   
              535.002E-03       -771.421E-03  
              540.002E-03        355.219E-03  
              545.002E-03         78.4625E-03 
              550.E-03          -423.229E-03  
              555.001E-03        678.06E-03   
              560.001E-03       -570.768E-03  
              565.001E-03        571.154E-03  
              570.002E-03       -294.911E-03  
              575.002E-03        154.174E-03  
              580.E-03           155.795E-03  
              585.001E-03       -208.38E-03   
              590.001E-03        280.873E-03  
              595.001E-03         13.664E-03  
              600.002E-03       -184.886E-03  
              605.002E-03        194.382E-03  
              610.E-03           -77.3475E-03 
              615.E-03          -209.559E-03  
              620.001E-03        262.718E-03  
              625.001E-03       -462.929E-03  
              630.002E-03        307.765E-03  
              635.002E-03       -361.174E-03  
              640.E-03            31.9567E-03 
              645.E-03            79.0968E-03 
              650.001E-03       -430.441E-03  
              655.001E-03        432.073E-03  
              660.002E-03       -163.639E-03  
              665.002E-03       -149.508E-03  
              670.002E-03        577.211E-03  
              675.E-03          -511.097E-03  
              680.001E-03        524.602E-03  
              685.001E-03       -203.114E-03  
              690.002E-03         49.4508E-03 
              695.002E-03        237.91E-03   
              700.002E-03       -396.289E-03  
              705.E-03           519.685E-03  
              710.001E-03       -508.166E-03  
              715.001E-03        224.698E-03  
              720.001E-03        -14.8786E-03 
              725.002E-03       -259.712E-03  
              730.002E-03        133.947E-03  
              735.E-03             5.68311E-03
              740.001E-03       -155.874E-03  
              745.001E-03        222.388E-03  
              750.001E-03       -153.133E-03  
              755.002E-03         84.576E-03  
              760.002E-03        100.141E-03  
              765.E-03          -259.908E-03  
              770.E-03           437.456E-03  
              775.001E-03       -417.555E-03  
              780.001E-03        275.908E-03  
              785.002E-03        202.212E-03  
              790.002E-03       -488.383E-03  
              795.E-03           591.063E-03  
              800.E-03          -386.662E-03  
              805.001E-03         81.5674E-03 
              810.001E-03        139.462E-03  
              815.002E-03       -399.511E-03  
              820.002E-03        426.385E-03  
              825.002E-03       -538.661E-03  
              830.E-03           319.358E-03  
              835.001E-03       -204.92E-03   
              840.001E-03       -189.27E-03   
              845.002E-03        296.054E-03  
              850.002E-03       -239.725E-03  
              855.002E-03         48.1633E-03 
              860.E-03           251.97E-03   
              865.001E-03       -212.226E-03  
              870.001E-03        275.576E-03  
              875.001E-03        -49.0834E-03 
              880.002E-03         -1.76712E-03
              885.002E-03        186.985E-03  
              890.E-03          -242.339E-03  
              895.E-03           252.31E-03   
              900.001E-03       -111.171E-03  
              905.001E-03       -176.863E-03  
              910.002E-03        373.826E-03  
              915.002E-03       -424.843E-03  
              920.E-03           138.359E-03  
              925.E-03           180.924E-03  
              930.001E-03       -449.659E-03  
              935.001E-03        565.764E-03  
              940.002E-03       -584.892E-03  
              945.002E-03        473.287E-03  
              950.003E-03       -340.917E-03  
              955.E-03            53.7852E-03 
              960.001E-03        177.629E-03  
              965.001E-03       -385.258E-03  
              970.002E-03        385.877E-03  
              975.002E-03       -105.773E-03  
              980.002E-03        -93.7346E-03 
              985.E-03           246.35E-03   
              990.001E-03       -126.453E-03  
              995.001E-03         20.5654E-03 
                1.               125.035E-03  




