
                  X               _temp_2     

                0.                 0.         
                5.00595E-03     -369.83E-06   
               10.0012E-03        -1.41882E-03
               15.0003E-03        -4.90114E-03
               20.0068E-03      -232.134E-06  
               25.E-03             2.14598E-03
               30.0068E-03         1.39363E-03
               35.0026E-03       382.057E-06  
               40.0014E-03       564.792E-06  
               45.0069E-03      -849.883E-06  
               50.0019E-03        -2.00383E-03
               55.0025E-03        -2.58885E-03
               60.006E-03          1.67324E-03
               65.0066E-03         3.37503E-03
               70.0037E-03         1.97551E-03
               75.0003E-03      -442.122E-06  
               80.004E-03         -4.60131E-03
               85.0068E-03        -1.79665E-03
               90.0015E-03        -1.03876E-03
               95.0026E-03         1.9299E-03 
              100.004E-03        848.312E-06  
              105.001E-03         -1.27355E-03
              110.005E-03         -3.18425E-03
              115.004E-03       -251.112E-06  
              120.005E-03          2.18427E-03
              125.003E-03          1.21837E-03
              130.002E-03          1.2025E-03 
              135.001E-03        872.868E-06  
              140.004E-03         -1.92291E-03
              145.006E-03         -3.08856E-03
              150.006E-03         -1.09037E-03
              155.001E-03          2.54953E-03
              160.001E-03          3.05421E-03
              165.E-03            76.8237E-06 
              170.006E-03         -3.62154E-03
              175.001E-03         -4.49947E-03
              180.003E-03         -1.19434E-03
              185.005E-03          1.76437E-03
              190.004E-03          2.15056E-03
              195.001E-03         82.7822E-06 
              200.002E-03         -1.72642E-03
              205.001E-03         -2.29894E-03
              210.006E-03        601.76E-06   
              215.E-03             1.78778E-03
              220.005E-03        639.388E-06  
              225.005E-03          1.35198E-03
              230.E-03           333.62E-06   
              235.005E-03         -2.46609E-03
              240.005E-03         -1.24828E-03
              245.E-03           239.753E-06  
              250.004E-03          2.49393E-03
              255.005E-03        480.031E-06  
              260.004E-03         -1.54642E-03
              265.003E-03         -4.2631E-03 
              270.004E-03         -2.52153E-03
              275.006E-03        615.692E-06  
              280.006E-03          2.28462E-03
              285.002E-03          1.8829E-03 
              290.001E-03         -1.08318E-03
              295.005E-03         -1.97822E-03
              300.003E-03         -1.92164E-03
              305.004E-03        634.16E-06   
              310.001E-03        280.168E-06  
              315.004E-03          1.23652E-03
              320.E-03             1.52849E-03
              325.004E-03       -669.575E-06  
              330.003E-03         -3.70168E-03
              335.004E-03       -435.453E-06  
              340.E-03             1.09089E-03
              345.005E-03        799.352E-06  
              350.005E-03        -43.659E-06  
              355.003E-03        487.48E-06   
              360.006E-03         -2.91999E-03
              365.001E-03         -1.36339E-03
              370.006E-03        320.168E-06  
              375.003E-03          2.00838E-03
              380.003E-03          1.28921E-03
              385.002E-03       -391.858E-06  
              390.006E-03         -2.24743E-03
              395.006E-03         -3.09023E-03
              400.007E-03         -1.30669E-03
              405.001E-03        487.025E-06  
              410.005E-03          2.38679E-03
              415.002E-03        865.105E-06  
              420.004E-03         -1.13741E-03
              425.005E-03         -2.84663E-03
              430.006E-03        283.186E-06  
              435.005E-03        150.066E-06  
              440.001E-03          1.07708E-03
              445.004E-03          1.25561E-03
              450.001E-03       -327.638E-06  
              455.001E-03         -2.93795E-03
              460.004E-03         -1.47404E-03
              465.003E-03          1.24854E-03
              470.004E-03          2.5936E-03 
              475.004E-03        602.168E-06  
              480.E-03            -1.10379E-03
              485.E-03            -2.41989E-03
              490.005E-03         -2.22155E-03
              495.005E-03       -897.226E-06  
              500.003E-03          1.88235E-03
              505.003E-03          2.30377E-03
              510.005E-03        445.14E-06   
              515.001E-03         -2.2029E-03 
              520.003E-03         -3.26411E-03
              525.005E-03       -987.159E-06  
              530.004E-03        124.025E-06  
              535.005E-03          2.12383E-03
              540.002E-03        934.698E-06  
              545.005E-03       -821.003E-06  
              550.006E-03         -2.87712E-03
              555.003E-03       -445.08E-06   
              560.004E-03          1.9986E-03 
              565.001E-03          1.43865E-03
              570.E-03            47.9903E-06 
              575.007E-03        399.575E-06  
              580.001E-03         -2.32151E-03
              585.006E-03         -1.65277E-03
              590.003E-03         16.3025E-06 
              595.004E-03          2.03403E-03
              600.005E-03          1.60086E-03
              605.004E-03       -796.81E-06   
              610.002E-03         -3.4008E-03 
              615.004E-03         -3.31676E-03
              620.006E-03       -782.091E-06  
              625.001E-03          1.14282E-03
              630.006E-03          1.97358E-03
              635.002E-03        235.955E-06  
              640.003E-03         -1.77748E-03
              645.E-03            -2.65007E-03
              650.002E-03        942.179E-06  
              655.004E-03          1.13696E-03
              660.E-03           373.13E-06   
              665.007E-03          1.5803E-03 
              670.001E-03        232.394E-06  
              675.E-03            -3.27603E-03
              680.006E-03         -1.25292E-03
              685.006E-03        910.742E-06  
              690.003E-03          1.89675E-03
              695.001E-03        -88.9658E-06 
              700.007E-03       -810.515E-06  
              705.E-03            -2.98968E-03
              710.003E-03         -2.1551E-03 
              715.007E-03       -307.055E-06  
              720.004E-03          1.92235E-03
              725.005E-03          1.84699E-03
              730.003E-03        -60.1303E-06 
              735.001E-03         -1.75973E-03
              740.005E-03         -2.76048E-03
              745.002E-03       -656.844E-06  
              750.002E-03       -301.201E-06  
              755.002E-03          2.26896E-03
              760.002E-03          1.32918E-03
              765.004E-03         -1.09259E-03
              770.006E-03         -3.12883E-03
              775.003E-03       -250.312E-06  
              780.005E-03          1.32525E-03
              785.003E-03        972.741E-06  
              790.006E-03        594.942E-06  
              795.004E-03        316.868E-06  
              800.004E-03         -2.59619E-03
              805.005E-03         -1.93531E-03
              810.006E-03        333.062E-06  
              815.004E-03          2.41526E-03
              820.005E-03          1.62572E-03
              825.005E-03         -1.09251E-03
              830.002E-03         -3.05187E-03
              835.003E-03         -3.04995E-03
              840.004E-03       -957.792E-06  
              845.001E-03          1.46816E-03
              850.001E-03          2.15903E-03
              855.002E-03        526.656E-06  
              860.E-03            -1.53755E-03
              865.004E-03         -2.45466E-03
              870.001E-03        352.872E-06  
              875.007E-03        412.283E-06  
              880.002E-03          1.1081E-03 
              885.003E-03          1.25757E-03
              890.005E-03       -468.465E-06  
              895.006E-03         -3.07866E-03
              900.005E-03         -1.09371E-03
              905.004E-03          1.22743E-03
              910.E-03             2.51726E-03
              915.E-03          -128.692E-06  
              920.005E-03       -755.735E-06  
              925.006E-03         -2.62481E-03
              930.003E-03         -1.86821E-03
              935.002E-03       -107.781E-06  
              940.005E-03          1.69687E-03
              945.005E-03          2.05384E-03
              950.001E-03       -233.195E-06  
              955.004E-03         -1.9799E-03 
              960.001E-03         -2.87249E-03
              965.006E-03       -963.715E-06  
              970.006E-03        104.439E-06  
              975.003E-03          2.12732E-03
              980.003E-03        918.18E-06   
              985.002E-03         -1.29806E-03
              990.004E-03         -3.1576E-03 
              995.001E-03        -79.2792E-06 
                1.                 1.62547E-03




