
                  X               _temp_1     

                0.                 0.         
                5.00134E-03       19.7702E-03 
               10.0028E-03        25.9215E-03 
               15.0039E-03       -32.291E-03  
               20.0051E-03       -30.0803E-03 
               25.0067E-03        32.9986E-03 
               30.0012E-03        10.4114E-03 
               35.0027E-03        10.527E-03  
               40.0043E-03       -28.6664E-03 
               45.0059E-03       -26.9176E-03 
               50.0005E-03        41.2789E-03 
               55.0021E-03        13.9304E-03 
               60.0037E-03        -4.87475E-03
               65.004E-03        -10.9905E-03 
               70.0041E-03       -14.8947E-03 
               75.0034E-03        19.4097E-03 
               80.0024E-03         4.98381E-03
               85.0013E-03       -27.5391E-03 
               90.0013E-03         7.86204E-03
               95.0007E-03        12.2658E-03 
              100.E-03             5.29203E-03
              105.E-03            -1.15594E-03
              110.006E-03        -30.7963E-03 
              115.005E-03         17.3674E-03 
              120.006E-03         32.9232E-03 
              125.005E-03         -8.16418E-03
              130.002E-03        -19.3713E-03 
              135.006E-03        -27.8466E-03 
              140.003E-03          9.10981E-03
              145.001E-03         36.9023E-03 
              150.005E-03         -6.49208E-03
              155.002E-03        -19.5594E-03 
              160.006E-03         -3.08815E-03
              165.003E-03          8.1695E-03 
              170.001E-03         25.7994E-03 
              175.005E-03        -12.0899E-03 
              180.002E-03        -24.6923E-03 
              185.006E-03         11.2602E-03 
              190.004E-03          7.29832E-03
              195.001E-03          6.61075E-03
              200.005E-03        -15.0382E-03 
              205.002E-03        -20.3302E-03 
              210.007E-03         22.3612E-03 
              215.004E-03         18.5753E-03 
              220.001E-03         -3.27544E-03
              225.005E-03        -10.6134E-03 
              230.002E-03        -14.7689E-03 
              235.007E-03         12.6819E-03 
              240.004E-03         13.3293E-03 
              245.001E-03        -14.763E-03  
              250.005E-03         -3.80341E-03
              255.006E-03          2.09033E-03
              260.007E-03          5.05308E-03
              265.E-03             4.89028E-03
              270.001E-03        -16.8994E-03 
              275.002E-03          3.43327E-03
              280.003E-03         22.2446E-03 
              285.003E-03          1.33842E-03
              290.004E-03        -11.6017E-03 
              295.005E-03        -18.4586E-03 
              300.005E-03         -1.69192E-03
              305.006E-03         25.9073E-03 
              310.007E-03          4.8228E-03 
              315.001E-03        -16.9496E-03 
              320.001E-03         -9.14434E-03
              325.002E-03       -747.801E-06  
              330.003E-03         17.2175E-03 
              335.003E-03          7.09022E-03
              340.004E-03        -14.0123E-03 
              345.005E-03        -55.5494E-06 
              350.005E-03          5.01429E-03
              355.006E-03        560.545E-06  
              360.007E-03         -1.95779E-03
              365.001E-03        -11.4908E-03 
              370.001E-03          3.36371E-03
              375.002E-03         15.1371E-03 
              380.003E-03         -3.01585E-03
              385.003E-03         -8.40335E-03
              390.004E-03         -7.14989E-03
              395.005E-03          1.88889E-03
              400.006E-03         17.1191E-03 
              405.006E-03          1.9259E-03 
              410.007E-03        -10.1403E-03 
              415.001E-03         -3.58376E-03
              420.001E-03         -2.52505E-03
              425.002E-03          5.08513E-03
              430.003E-03          2.8345E-03 
              435.004E-03         -5.77398E-03
              440.004E-03          4.71873E-03
              445.005E-03          3.0208E-03 
              450.006E-03         -6.10502E-03
              455.006E-03         -3.45531E-03
              460.E-03            -1.78472E-03
              465.001E-03         10.2739E-03 
              470.001E-03         11.6467E-03 
              475.002E-03        -10.3544E-03 
              480.003E-03        -13.7539E-03 
              485.004E-03         -2.60904E-03
              490.004E-03          8.87471E-03
              495.005E-03         13.9099E-03 
              500.006E-03         -5.28416E-03
              505.006E-03        -13.9497E-03 
              510.E-03           976.701E-06  
              515.001E-03          6.82052E-03
              520.002E-03          5.28396E-03
              525.002E-03         -3.42785E-03
              530.003E-03         -7.21838E-03
              535.004E-03          7.71191E-03
              540.004E-03          6.85462E-03
              545.005E-03         -9.10189E-03
              550.006E-03        -10.0516E-03 
              555.007E-03       -438.587E-06  
              560.E-03            14.388E-03  
              565.001E-03         11.0229E-03 
              570.002E-03        -13.4318E-03 
              575.002E-03        -14.5438E-03 
              580.003E-03          3.33828E-03
              585.004E-03         13.4366E-03 
              590.004E-03          8.56267E-03
              595.005E-03         -9.5023E-03 
              600.006E-03        -10.3057E-03 
              605.007E-03          5.92034E-03
              610.E-03             4.72251E-03
              615.001E-03         -4.05682E-03
              620.002E-03         -4.65647E-03
              625.002E-03          3.12521E-03
              630.003E-03         12.0597E-03 
              635.004E-03         -1.79759E-03
              640.005E-03        -17.3537E-03 
              645.005E-03         -4.43972E-03
              650.006E-03         14.0046E-03 
              655.007E-03         14.7985E-03 
              660.E-03            -4.38035E-03
              665.001E-03        -20.4967E-03 
              670.002E-03         -4.51564E-03
              675.002E-03         15.2731E-03 
              680.003E-03          8.57545E-03
              685.004E-03         -6.64378E-03
              690.005E-03        -10.0896E-03 
              695.005E-03          3.66639E-03
              700.006E-03         11.7367E-03 
              705.007E-03         -4.67303E-03
              710.E-03           -13.1437E-03 
              715.001E-03          1.62143E-03
              720.002E-03         15.0147E-03 
              725.003E-03          8.10686E-03
              730.003E-03        -14.648E-03  
              735.004E-03        -18.4318E-03 
              740.005E-03          6.84168E-03
              745.005E-03         20.1083E-03 
              750.006E-03          4.85448E-03
              755.007E-03        -13.8581E-03 
              760.E-03           -12.6628E-03 
              765.001E-03          7.28352E-03
              770.002E-03         12.5795E-03 
              775.003E-03         -3.40944E-03
              780.003E-03         -8.49487E-03
              785.004E-03          2.35025E-03
              790.005E-03          8.94658E-03
              795.005E-03       -747.698E-06  
              800.006E-03        -14.6442E-03 
              805.007E-03         -5.0093E-03 
              810.001E-03         15.7641E-03 
              815.001E-03         13.0154E-03 
              820.002E-03         -8.23548E-03
              825.003E-03        -18.5834E-03 
              830.003E-03         -3.25188E-03
              835.004E-03         17.4202E-03 
              840.005E-03         10.7416E-03 
              845.005E-03         -9.76068E-03
              850.006E-03        -11.2951E-03 
              855.007E-03          2.49676E-03
              860.001E-03          9.73418E-03
              865.001E-03       -591.867E-06  
              870.002E-03        -10.4291E-03 
              875.003E-03          1.08736E-03
              880.003E-03         12.8823E-03 
              885.004E-03          3.31951E-03
              890.005E-03        -13.0967E-03 
              895.006E-03        -12.5142E-03 
              900.006E-03          7.80458E-03
              905.E-03            18.8578E-03 
              910.001E-03          1.79007E-03
              915.001E-03        -16.0982E-03 
              920.002E-03        -10.606E-03  
              925.003E-03          7.13847E-03
              930.004E-03         13.2551E-03 
              935.004E-03       -190.232E-06  
              940.005E-03         -9.42246E-03
              945.006E-03       -607.773E-06  
              950.006E-03          6.03021E-03
              955.E-03           161.199E-06  
              960.001E-03         -7.4816E-03 
              965.001E-03         -2.6372E-03 
              970.002E-03         10.5885E-03 
              975.003E-03          8.55406E-03
              980.004E-03         -8.74216E-03
              985.004E-03        -14.2538E-03 
              990.005E-03       -607.564E-06  
              995.006E-03         14.2165E-03 
                1.                10.1695E-03 




