
                  X               _temp_2     

                0.                 0.         
                5.00134E-03       10.0498E-06 
               10.0028E-03         5.89037E-06
               15.0039E-03       -11.5068E-06 
               20.0051E-03       -16.9855E-06 
               25.0067E-03       -10.4737E-06 
               30.0012E-03        19.6584E-06 
               35.0027E-03        29.6643E-06 
               40.0043E-03        -4.80758E-06
               45.0059E-03       -28.7278E-06 
               50.0005E-03       -22.143E-06  
               55.0021E-03        10.3058E-06 
               60.0037E-03        33.6348E-06 
               65.004E-03          8.11829E-06
               70.0041E-03       -18.0219E-06 
               75.0034E-03       -14.3581E-06 
               80.0024E-03      -864.271E-09  
               85.0013E-03        10.2193E-06 
               90.0013E-03      -553.441E-09  
               95.0007E-03        -6.56391E-06
              100.E-03            11.355E-06  
              105.E-03            10.5859E-06 
              110.006E-03         -9.24818E-06
              115.005E-03        -22.3696E-06 
              120.006E-03        -10.1832E-06 
              125.005E-03         26.6757E-06 
              130.002E-03         30.0813E-06 
              135.006E-03         -8.69441E-06
              140.003E-03        -32.4179E-06 
              145.001E-03        -20.2505E-06 
              150.005E-03         16.3763E-06 
              155.002E-03         29.7171E-06 
              160.006E-03          1.19903E-06
              165.003E-03        -15.7845E-06 
              170.001E-03         -8.79934E-06
              175.005E-03          2.19045E-06
              180.002E-03          4.13631E-06
              185.006E-03         -5.85469E-06
              190.004E-03          3.03082E-06
              195.001E-03         19.4412E-06 
              200.005E-03          4.59845E-06
              205.002E-03        -22.031E-06  
              210.007E-03        -26.961E-06  
              215.004E-03          4.36871E-06
              220.001E-03         38.967E-06  
              225.005E-03         20.511E-06  
              230.002E-03        -23.5475E-06 
              235.007E-03        -34.3474E-06 
              240.004E-03         -4.87717E-06
              245.001E-03         29.0986E-06 
              250.005E-03         19.9568E-06 
              255.006E-03        -12.666E-06  
              260.007E-03        -14.8338E-06 
              265.E-03             1.60882E-06
              270.001E-03          6.5218E-06 
              275.002E-03         -6.05198E-06
              280.003E-03        -11.1336E-06 
              285.003E-03         13.4145E-06 
              290.004E-03         26.2879E-06 
              295.005E-03         -3.26799E-06
              300.005E-03        -33.1476E-06 
              305.006E-03        -21.6118E-06 
              310.007E-03         21.2351E-06 
              315.001E-03         38.641E-06  
              320.001E-03          1.91266E-06
              325.002E-03        -32.617E-06  
              330.003E-03        -20.0705E-06 
              335.003E-03         11.7278E-06 
              340.004E-03         20.6963E-06 
              345.005E-03        274.566E-09  
              350.005E-03         -9.94693E-06
              355.006E-03          5.77621E-06
              360.007E-03          7.56077E-06
              365.001E-03        -12.9425E-06 
              370.001E-03        -20.0678E-06 
              375.002E-03          5.26139E-06
              380.003E-03         33.9136E-06 
              385.003E-03         16.9983E-06 
              390.004E-03        -29.3342E-06 
              395.005E-03        -36.8728E-06 
              400.006E-03          4.01311E-06
              405.006E-03         37.1111E-06 
              410.007E-03         20.7565E-06 
              415.001E-03        -19.7503E-06 
              420.001E-03        -25.4868E-06 
              425.002E-03          2.57163E-06
              430.003E-03         14.6167E-06 
              435.004E-03        399.662E-09  
              440.004E-03         -8.26987E-06
              445.005E-03          6.48211E-06
              450.006E-03         17.1061E-06 
              455.006E-03         -5.43335E-06
              460.E-03           -29.4725E-06 
              465.001E-03        -12.104E-06  
              470.001E-03         26.9771E-06 
              475.002E-03         33.4424E-06 
              480.003E-03         -5.48454E-06
              485.004E-03        -37.997E-06  
              490.004E-03        -18.6706E-06 
              495.005E-03         20.7258E-06 
              500.006E-03         26.156E-06  
              505.006E-03        -89.0168E-09 
              510.E-03           -16.7585E-06 
              515.001E-03         -5.34198E-06
              520.002E-03          6.31889E-06
              525.002E-03         -3.29479E-06
              530.003E-03         -9.4151E-06 
              535.004E-03          7.91091E-06
              540.004E-03         22.7856E-06 
              545.005E-03          5.84133E-06
              550.006E-03        -27.0683E-06 
              555.007E-03        -27.8765E-06 
              560.E-03            10.8383E-06 
              565.001E-03         36.233E-06  
              570.002E-03         14.4133E-06 
              575.002E-03        -23.2661E-06 
              580.003E-03        -28.1497E-06 
              585.004E-03          1.62292E-06
              590.004E-03         20.9178E-06 
              595.005E-03          8.63785E-06
              600.006E-03         -6.15978E-06
              605.007E-03         -2.66816E-06
              610.E-03             3.91131E-06
              615.001E-03         -4.09814E-06
              620.002E-03        -15.3833E-06 
              625.002E-03         -2.65462E-06
              630.003E-03         22.7694E-06 
              635.004E-03         20.7334E-06 
              640.005E-03        -11.0814E-06 
              645.005E-03        -32.4227E-06 
              650.006E-03        -13.1537E-06 
              655.007E-03         23.3134E-06 
              660.E-03            28.0849E-06 
              665.001E-03       -706.918E-09  
              670.002E-03        -22.1086E-06 
              675.002E-03        -14.1749E-06 
              680.003E-03          5.54378E-06
              685.004E-03          9.88128E-06
              690.005E-03          1.71848E-06
              695.005E-03          2.3488E-06 
              700.006E-03          6.46238E-06
              705.007E-03         -2.26736E-06
              710.E-03           -16.4548E-06 
              715.001E-03        -13.7224E-06 
              720.002E-03         11.7515E-06 
              725.003E-03         28.0541E-06 
              730.003E-03          8.50878E-06
              735.004E-03        -23.0688E-06 
              740.005E-03        -26.8428E-06 
              745.005E-03          1.26972E-06
              750.006E-03         25.416E-06  
              755.007E-03         16.2523E-06 
              760.E-03            -8.19595E-06
              765.001E-03        -15.6787E-06 
              770.002E-03         -5.41285E-06
              775.003E-03          3.42916E-06
              780.003E-03          1.97319E-06
              785.004E-03          2.00501E-06
              790.005E-03          9.98371E-06
              795.005E-03          8.13258E-06
              800.006E-03        -10.1518E-06 
              805.007E-03        -22.1626E-06 
              810.001E-03         -7.43893E-06
              815.001E-03         21.1826E-06 
              820.002E-03         26.1742E-06 
              825.003E-03         -2.14783E-06
              830.003E-03        -27.3571E-06 
              835.004E-03        -18.8922E-06 
              840.005E-03          9.76416E-06
              845.005E-03         22.551E-06  
              850.006E-03          7.71204E-06
              855.007E-03         -9.16688E-06
              860.001E-03         -9.10332E-06
              865.001E-03         -2.56385E-06
              870.002E-03         -1.98405E-06
              875.003E-03         -2.1542E-06 
              880.003E-03          7.37089E-06
              885.004E-03         16.3936E-06 
              890.005E-03          4.2499E-06 
              895.006E-03        -19.8425E-06 
              900.006E-03        -23.0574E-06 
              905.E-03             3.50071E-06
              910.001E-03         28.5564E-06 
              915.001E-03         18.6393E-06 
              920.002E-03        -13.8812E-06 
              925.003E-03        -26.604E-06  
              930.004E-03         -7.27695E-06
              935.004E-03         15.1204E-06 
              940.005E-03         14.3906E-06 
              945.006E-03       -214.131E-09  
              950.006E-03         -4.87048E-06
              955.E-03          -951.805E-09  
              960.001E-03         -3.96978E-06
              965.001E-03        -10.5392E-06 
              970.002E-03         -2.71864E-06
              975.003E-03         17.177E-06  
              980.004E-03         20.4478E-06 
              985.004E-03         -5.31844E-06
              990.005E-03        -29.2783E-06 
              995.006E-03        -17.4644E-06 
                1.                16.7861E-06 




