
                  X               _temp_2     

                0.                 0.         
                5.00467E-03      318.03E-06   
               10.0026E-03       572.969E-06  
               15.0013E-03       238.525E-06  
               20.0014E-03      -387.77E-06   
               25.0019E-03      -644.271E-06  
               30.0024E-03      -304.64E-06   
               35.0029E-03       -24.5658E-06 
               40.0036E-03      -192.592E-06  
               45.0038E-03      -379.555E-06  
               50.0038E-03       -76.9073E-06 
               55.0025E-03       499.858E-06  
               60.E-03           682.85E-06   
               65.0048E-03       283.164E-06  
               70.0029E-03        17.622E-06  
               75.0016E-03       180.237E-06  
               80.0009E-03       219.037E-06  
               85.0003E-03      -137.392E-06  
               90.0004E-03      -614.467E-06  
               95.0004E-03      -623.839E-06  
              100.007E-03       -170.915E-06  
              105.006E-03         85.1168E-06 
              110.006E-03        -30.7918E-06 
              115.005E-03        -99.8531E-06 
              120.004E-03        257.177E-06  
              125.002E-03        702.674E-06  
              130.004E-03        573.183E-06  
              135.001E-03         41.6982E-06 
              140.001E-03       -201.6E-06    
              145.004E-03        -63.0862E-06 
              150.002E-03        -12.5137E-06 
              155.006E-03       -317.535E-06  
              160.003E-03       -663.818E-06  
              165.E-03          -491.864E-06  
              170.005E-03         57.3899E-06 
              175.007E-03        363.344E-06  
              180.006E-03        251.116E-06  
              185.003E-03         99.0882E-06 
              190.006E-03        343.551E-06  
              195.001E-03        574.288E-06  
              200.005E-03        312.23E-06   
              205.001E-03       -183.475E-06  
              210.005E-03       -435.701E-06  
              215.002E-03       -304.975E-06  
              220.006E-03       -174.587E-06  
              225.004E-03       -311.439E-06  
              230.001E-03       -437.485E-06  
              235.005E-03       -164.559E-06  
              240.E-03           322.228E-06  
              245.005E-03        537.211E-06  
              250.006E-03        341.866E-06  
              255.007E-03        158.058E-06  
              260.E-03           273.66E-06   
              265.001E-03        287.943E-06  
              270.002E-03        -35.8429E-06 
              275.003E-03       -458.912E-06  
              280.003E-03       -566.473E-06  
              285.004E-03       -299.041E-06  
              290.005E-03        -95.3229E-06 
              295.005E-03       -147.654E-06  
              300.006E-03       -155.563E-06  
              305.007E-03        162.311E-06  
              310.E-03           552.516E-06  
              315.001E-03        581.285E-06  
              320.002E-03        246.687E-06  
              325.003E-03         -6.21034E-06
              330.003E-03          7.36674E-06
              335.004E-03        -24.1944E-06 
              340.005E-03       -272.1E-06    
              345.005E-03       -560.284E-06  
              350.006E-03       -520.609E-06  
              355.007E-03       -152.548E-06  
              360.001E-03        122.022E-06  
              365.001E-03        144.166E-06  
              370.002E-03        139.175E-06  
              375.003E-03        334.123E-06  
              380.003E-03        535.575E-06  
              385.004E-03        411.482E-06  
              390.005E-03         24.7163E-06 
              395.006E-03       -247.142E-06  
              400.006E-03       -261.263E-06  
              405.007E-03       -242.433E-06  
              410.001E-03       -351.575E-06  
              415.001E-03       -462.017E-06  
              420.002E-03       -275.861E-06  
              425.003E-03        127.1E-06    
              430.003E-03        371.068E-06  
              435.004E-03        343.26E-06   
              440.005E-03        247.113E-06  
              445.006E-03        318.532E-06  
              450.006E-03        366.811E-06  
              455.E-03           124.679E-06  
              460.001E-03       -282.983E-06  
              465.001E-03       -485.272E-06  
              470.002E-03       -374.966E-06  
              475.003E-03       -218.369E-06  
              480.004E-03       -221.227E-06  
              485.004E-03       -241.416E-06  
              490.005E-03         15.6204E-06 
              495.006E-03        410.103E-06  
              500.006E-03        563.66E-06   
              505.E-03           367.659E-06  
              510.001E-03        112.63E-06   
              515.001E-03        100.314E-06  
              520.002E-03        101.031E-06  
              525.003E-03       -144.735E-06  
              530.004E-03       -492.598E-06  
              535.004E-03       -569.497E-06  
              540.005E-03       -299.169E-06  
              545.006E-03        -10.8293E-06 
              550.006E-03         44.2085E-06 
              555.E-03            33.3332E-06 
              560.001E-03        253.362E-06  
              565.002E-03        546.247E-06  
              570.002E-03        534.876E-06  
              575.003E-03        166.371E-06  
              580.004E-03       -143.761E-06  
              585.004E-03       -149.261E-06  
              590.005E-03       -136.287E-06  
              595.006E-03       -322.638E-06  
              600.007E-03       -535.847E-06  
              605.E-03          -428.672E-06  
              610.001E-03        -20.9841E-06 
              615.002E-03        282.199E-06  
              620.002E-03        264.646E-06  
              625.003E-03        192.524E-06  
              630.004E-03        356.587E-06  
              635.004E-03        511.595E-06  
              640.005E-03        293.921E-06  
              645.006E-03       -179.169E-06  
              650.007E-03       -414.993E-06  
              655.E-03          -307.453E-06  
              660.001E-03       -206.315E-06  
              665.002E-03       -309.644E-06  
              670.002E-03       -402.504E-06  
              675.003E-03       -141.495E-06  
              680.004E-03        327.71E-06   
              685.005E-03        524.772E-06  
              690.005E-03        338.85E-06   
              695.006E-03        170.855E-06  
              700.007E-03        264.79E-06   
              705.E-03           288.099E-06  
              710.001E-03        -38.4162E-06 
              715.002E-03       -469.175E-06  
              720.003E-03       -550.624E-06  
              725.003E-03       -299.61E-06   
              730.004E-03       -103.97E-06   
              735.005E-03       -135.704E-06  
              740.005E-03       -136.272E-06  
              745.006E-03        190.321E-06  
              750.007E-03        567.248E-06  
              755.E-03           552.18E-06   
              760.001E-03        212.342E-06  
              765.002E-03          6.3442E-06 
              770.003E-03         53.2795E-06 
              775.003E-03         -6.93458E-06
              780.004E-03       -327.565E-06  
              785.005E-03       -598.025E-06  
              790.005E-03       -470.065E-06  
              795.006E-03        -93.0542E-06 
              800.007E-03        124.953E-06  
              805.E-03            87.9213E-06 
              810.001E-03        118.934E-06  
              815.002E-03        414.964E-06  
              820.003E-03        597.533E-06  
              825.003E-03        356.545E-06  
              830.004E-03        -67.4017E-06 
              835.005E-03       -236.106E-06  
              840.005E-03       -166.233E-06  
              845.006E-03       -207.906E-06  
              850.007E-03       -428.447E-06  
              855.001E-03       -513.424E-06  
              860.001E-03       -216.086E-06  
              865.002E-03        212.934E-06  
              870.003E-03        368.322E-06  
              875.003E-03        254.915E-06  
              880.004E-03        245.095E-06  
              885.005E-03        415.874E-06  
              890.006E-03        393.376E-06  
              895.006E-03         33.0439E-06 
              900.007E-03       -354.779E-06  
              905.001E-03       -424.435E-06  
              910.001E-03       -279.454E-06  
              915.002E-03       -234.364E-06  
              920.003E-03       -317.227E-06  
              925.003E-03       -246.601E-06  
              930.004E-03        123.801E-06  
              935.005E-03        473.21E-06   
              940.006E-03        477.561E-06  
              945.006E-03        265.215E-06  
              950.E-03           183.409E-06  
              955.001E-03        217.359E-06  
              960.001E-03         72.554E-06  
              965.002E-03       -279.974E-06  
              970.003E-03       -536.076E-06  
              975.004E-03       -451.808E-06  
              980.004E-03       -200.858E-06  
              985.005E-03        -75.8051E-06 
              990.006E-03        -72.6117E-06 
              995.006E-03         65.5316E-06 
                1.               390.092E-06  




