
                  X               _temp_2     

                0.                 0.         
                5.00663E-03      -26.0315E-06 
               10.0052E-03         2.17214E-06
               15.0049E-03       105.357E-06  
               20.0047E-03       -52.0181E-06 
               25.0033E-03      -147.961E-06  
               30.0036E-03        90.6427E-06 
               35.0028E-03        98.7987E-06 
               40.0018E-03       -90.9575E-06 
               45.0012E-03       -15.8974E-06 
               50.0008E-03       -12.6785E-06 
               55.E-03           -34.4369E-06 
               60.0061E-03       139.582E-06  
               65.0053E-03        24.5746E-06 
               70.0047E-03      -188.184E-06  
               75.0036E-03        -6.32074E-06
               80.0026E-03       144.76E-06   
               85.0018E-03         3.93529E-06
               90.0007E-03       -60.4643E-06 
               95.E-03           -37.2486E-06 
              100.006E-03        -43.1479E-06 
              105.005E-03         64.2741E-06 
              110.004E-03        130.293E-06  
              115.003E-03       -104.395E-06  
              120.002E-03       -149.715E-06  
              125.002E-03        128.14E-06   
              130.003E-03         84.2092E-06 
              135.E-03           -75.8874E-06 
              140.003E-03        -14.7652E-06 
              145.003E-03        -35.8936E-06 
              150.003E-03        -19.5314E-06 
              155.004E-03        143.387E-06  
              160.005E-03        -24.844E-06  
              165.006E-03       -170.284E-06  
              170.007E-03         51.3336E-06 
              175.006E-03        143.017E-06  
              180.001E-03        -47.1763E-06 
              185.007E-03        -74.9016E-06 
              190.001E-03       -692.54E-09   
              195.003E-03         -4.73007E-06
              200.E-03            78.9691E-06 
              205.001E-03         57.0412E-06 
              210.004E-03       -170.795E-06  
              215.E-03           -68.9706E-06 
              220.003E-03        202.883E-06  
              225.006E-03         35.1899E-06 
              230.002E-03       -129.572E-06  
              235.006E-03        -22.2889E-06 
              240.001E-03          5.24517E-06
              245.E-03            54.4868E-06 
              250.002E-03        114.212E-06  
              255.003E-03       -114.91E-06   
              260.003E-03       -162.652E-06  
              265.004E-03        134.047E-06  
              270.005E-03        141.815E-06  
              275.005E-03       -105.594E-06  
              280.006E-03        -92.1304E-06 
              285.007E-03         35.6567E-06 
              290.E-03            33.5641E-06 
              295.001E-03         85.9825E-06 
              300.002E-03        -13.0225E-06 
              305.003E-03       -175.004E-06  
              310.003E-03         25.6996E-06 
              315.004E-03        204.603E-06  
              320.005E-03        -64.9578E-06 
              325.005E-03       -151.069E-06  
              330.006E-03         46.6454E-06 
              335.007E-03         58.189E-06  
              340.001E-03         37.8835E-06 
              345.001E-03         19.415E-06  
              350.002E-03       -132.755E-06  
              355.003E-03        -42.8106E-06 
              360.003E-03        200.009E-06  
              365.004E-03         24.4129E-06 
              370.005E-03       -195.039E-06  
              375.006E-03        -18.1136E-06 
              380.006E-03        126.169E-06  
              385.007E-03         26.2748E-06 
              390.001E-03         -4.45708E-06
              395.001E-03        -76.5405E-06 
              400.002E-03        -89.9706E-06 
              405.003E-03        142.622E-06  
              410.003E-03        135.64E-06   
              415.004E-03       -180.686E-06  
              420.005E-03       -114.191E-06  
              425.006E-03        145.267E-06  
              430.006E-03         60.1334E-06 
              435.007E-03        -29.8817E-06 
              440.001E-03        -41.2504E-06 
              445.001E-03        -87.6388E-06 
              450.002E-03         54.3115E-06 
              455.003E-03        173.679E-06  
              460.004E-03        -89.373E-06  
              465.004E-03       -178.337E-06  
              470.005E-03         94.3915E-06 
              475.006E-03        124.41E-06   
              480.006E-03        -52.1115E-06 
              485.E-03           -48.5213E-06 
              490.001E-03        -31.0691E-06 
              495.001E-03         -9.17653E-06
              500.002E-03        137.27E-06   
              505.003E-03         10.4177E-06 
              510.004E-03       -196.108E-06  
              515.004E-03         13.163E-06  
              520.005E-03        181.274E-06  
              525.006E-03        -35.7176E-06 
              530.006E-03        -90.5949E-06 
              535.E-03            -1.35853E-06
              540.001E-03         -4.77596E-06
              545.002E-03         78.3024E-06 
              550.002E-03         71.8699E-06 
              555.003E-03       -154.774E-06  
              560.004E-03        -81.9679E-06 
              565.004E-03        177.822E-06  
              570.005E-03         48.646E-06  
              575.006E-03       -128.576E-06  
              580.007E-03        -24.9293E-06 
              585.E-03            32.5665E-06 
              590.001E-03         23.2514E-06 
              595.002E-03         85.8756E-06 
              600.002E-03        -64.1532E-06 
              605.003E-03       -147.517E-06  
              610.004E-03        106.254E-06  
              615.004E-03        134.923E-06  
              620.005E-03       -115.91E-06   
              625.006E-03        -73.6711E-06 
              630.007E-03         58.8996E-06 
              635.E-03             6.40067E-06
              640.001E-03         48.3268E-06 
              645.002E-03         12.9332E-06 
              650.002E-03       -133.165E-06  
              655.003E-03          5.79961E-06
              660.004E-03        166.92E-06   
              665.005E-03        -46.811E-06  
              670.005E-03       -128.232E-06  
              675.006E-03         47.968E-06  
              680.007E-03         46.6458E-06 
              685.E-03            -7.73409E-06
              690.001E-03         36.75E-06   
              695.002E-03        -71.0067E-06 
              700.003E-03        -73.0576E-06 
              705.003E-03        141.044E-06  
              710.004E-03         50.4157E-06 
              715.005E-03       -153.886E-06  
              720.005E-03        -10.2163E-06 
              725.006E-03         94.4245E-06 
              730.007E-03        -18.148E-06  
              735.E-03            14.3451E-06 
              740.001E-03        -12.7385E-06 
              745.002E-03        -98.5863E-06 
              750.003E-03         63.8528E-06 
              755.003E-03        127.62E-06   
              760.004E-03       -108.335E-06  
              765.005E-03        -94.2927E-06 
              770.005E-03         96.9518E-06 
              775.006E-03         26.8857E-06 
              780.007E-03        -26.4208E-06 
              785.E-03            19.0412E-06 
              790.001E-03        -67.2061E-06 
              795.002E-03        -27.7115E-06 
              800.003E-03        142.425E-06  
              805.003E-03        -13.3971E-06 
              810.004E-03       -149.073E-06  
              815.005E-03         46.4032E-06 
              820.005E-03         87.2744E-06 
              825.006E-03        -45.0804E-06 
              830.007E-03          5.39078E-06
              835.001E-03        -13.9012E-06 
              840.001E-03        -70.3764E-06 
              845.002E-03         91.6118E-06 
              850.003E-03         74.988E-06  
              855.003E-03       -140.947E-06  
              860.004E-03        -40.3583E-06 
              865.005E-03        124.631E-06  
              870.006E-03         -8.49713E-06
              875.006E-03        -43.0971E-06 
              880.007E-03         13.879E-06  
              885.001E-03        -51.1536E-06 
              890.001E-03         16.8766E-06 
              895.002E-03        121.523E-06  
              900.003E-03        -77.1495E-06 
              905.003E-03       -125.295E-06  
              910.004E-03        104.946E-06  
              915.005E-03         69.9492E-06 
              920.006E-03        -74.6795E-06 
              925.006E-03         -5.60607E-06
              930.E-03            -8.47044E-06
              935.001E-03        -31.6056E-06 
              940.001E-03        108.085E-06  
              945.002E-03         11.5208E-06 
              950.003E-03       -158.101E-06  
              955.004E-03         24.628E-06  
              960.004E-03        137.505E-06  
              965.005E-03        -50.0996E-06 
              970.006E-03        -58.4592E-06 
              975.006E-03         21.379E-06  
              980.E-03           -27.9335E-06 
              985.001E-03         49.0422E-06 
              990.002E-03         76.5993E-06 
              995.002E-03       -122.574E-06  
                1.               -71.6814E-06 




