
                  X               _temp_2     

                0.                 0.         
                5.00516E-03      615.196E-03  
               10.005E-03        303.906E-03  
               15.0058E-03      -536.41E-03   
               20.0057E-03      -545.617E-03  
               25.0039E-03       350.142E-03  
               30.0019E-03       488.389E-03  
               35.0015E-03         2.07152E-03
               40.0024E-03      -506.703E-03  
               45.0026E-03      -251.482E-03  
               50.0009E-03       550.952E-03  
               55.0058E-03       249.647E-03  
               60.0054E-03      -354.032E-03  
               65.0056E-03      -382.483E-03  
               70.0053E-03       120.19E-03   
               75.0037E-03       534.014E-03  
               80.0019E-03       -69.8052E-03 
               85.0008E-03      -585.666E-03  
               90.001E-03       -137.476E-03  
               95.0006E-03       493.099E-03  
              100.006E-03        380.457E-03  
              105.004E-03       -359.295E-03  
              110.004E-03       -628.068E-03  
              115.004E-03        132.485E-03  
              120.003E-03        701.37E-03   
              125.002E-03        142.81E-03   
              130.004E-03       -584.7E-03    
              135.006E-03       -509.464E-03  
              140.003E-03        352.127E-03  
              145.E-03           723.251E-03  
              150.005E-03        -77.8339E-03 
              155.E-03          -652.241E-03  
              160.004E-03       -273.336E-03  
              165.001E-03        475.768E-03  
              170.005E-03        566.165E-03  
              175.003E-03       -239.29E-03   
              180.006E-03       -597.93E-03   
              185.003E-03        -38.6604E-03 
              190.007E-03        458.5E-03    
              195.004E-03        310.89E-03   
              200.001E-03       -310.271E-03  
              205.004E-03       -417.251E-03  
              210.007E-03        171.087E-03  
              215.004E-03        362.451E-03  
              220.001E-03         46.1714E-03 
              225.E-03          -300.767E-03  
              230.002E-03       -182.255E-03  
              235.005E-03        250.942E-03  
              240.002E-03        186.358E-03  
              245.005E-03       -178.875E-03  
              250.005E-03       -232.699E-03  
              255.006E-03         56.0639E-03 
              260.006E-03        234.948E-03  
              265.E-03            17.1478E-03 
              270.001E-03       -274.368E-03  
              275.001E-03       -101.121E-03  
              280.002E-03        240.606E-03  
              285.003E-03        129.288E-03  
              290.004E-03       -143.961E-03  
              295.004E-03       -257.717E-03  
              300.005E-03         34.8166E-03 
              305.006E-03        291.887E-03  
              310.006E-03        625.474E-06  
              315.E-03          -233.296E-03  
              320.001E-03       -159.34E-03   
              325.002E-03        155.569E-03  
              330.002E-03        244.076E-03  
              335.003E-03        -82.0235E-03 
              340.004E-03       -246.222E-03  
              345.004E-03        -36.9187E-03 
              350.005E-03        230.113E-03  
              355.006E-03        133.178E-03  
              360.007E-03       -145.712E-03  
              365.E-03          -218.403E-03  
              370.001E-03         67.9626E-03 
              375.002E-03        250.263E-03  
              380.002E-03         23.6768E-03 
              385.003E-03       -183.075E-03  
              390.004E-03       -149.352E-03  
              395.004E-03        157.063E-03  
              400.005E-03        236.377E-03  
              405.006E-03        -66.4985E-03 
              410.007E-03       -228.089E-03  
              415.E-03           -72.8145E-03 
              420.001E-03        215.669E-03  
              425.002E-03        197.688E-03  
              430.002E-03       -140.974E-03  
              435.003E-03       -274.44E-03   
              440.004E-03         19.1339E-03 
              445.005E-03        269.239E-03  
              450.005E-03        145.385E-03  
              455.006E-03       -207.884E-03  
              460.007E-03       -290.52E-03   
              465.E-03           104.773E-03  
              470.001E-03        310.515E-03  
              475.002E-03         70.7549E-03 
              480.002E-03       -282.653E-03  
              485.003E-03       -252.465E-03  
              490.004E-03        174.567E-03  
              495.005E-03        323.249E-03  
              500.005E-03        -17.3737E-03 
              505.006E-03       -337.702E-03  
              510.007E-03       -139.829E-03  
              515.E-03           232.5E-03    
              520.001E-03        281.151E-03  
              525.002E-03       -106.123E-03  
              530.003E-03       -332.766E-03  
              535.003E-03         -6.26615E-03
              540.004E-03        254.879E-03  
              545.005E-03        164.752E-03  
              550.005E-03       -182.604E-03  
              555.006E-03       -236.036E-03  
              560.007E-03        114.601E-03  
              565.E-03           223.949E-03  
              570.001E-03         15.9214E-03 
              575.002E-03       -203.102E-03  
              580.003E-03        -60.1354E-03 
              585.003E-03        180.248E-03  
              590.004E-03        115.467E-03  
              595.005E-03       -133.137E-03  
              600.005E-03       -144.639E-03  
              605.006E-03        135.485E-03  
              610.007E-03        167.63E-03   
              615.001E-03        -56.3201E-03 
              620.001E-03       -220.826E-03  
              625.002E-03          2.05511E-03
              630.003E-03        280.881E-03  
              635.003E-03         74.1156E-03 
              640.004E-03       -241.868E-03  
              645.005E-03       -208.472E-03  
              650.005E-03        199.603E-03  
              655.006E-03        327.718E-03  
              660.007E-03        -92.2434E-03 
              665.001E-03       -375.842E-03  
              670.001E-03        -91.7566E-03 
              675.002E-03        372.746E-03  
              680.003E-03        259.281E-03  
              685.003E-03       -273.975E-03  
              690.004E-03       -399.173E-03  
              695.005E-03        101.59E-03   
              700.006E-03        464.672E-03  
              705.006E-03         92.8192E-03 
              710.E-03          -416.722E-03  
              715.001E-03       -296.013E-03  
              720.001E-03        285.553E-03  
              725.002E-03        433.449E-03  
              730.003E-03       -109.632E-03  
              735.004E-03       -467.558E-03  
              740.004E-03        -94.7697E-03 
              745.005E-03        403.489E-03  
              750.006E-03        290.544E-03  
              755.006E-03       -284.587E-03  
              760.E-03          -394.585E-03  
              765.001E-03        117.307E-03  
              770.001E-03        408.928E-03  
              775.002E-03         87.6493E-03 
              780.003E-03       -371.179E-03  
              785.004E-03       -219.658E-03  
              790.004E-03        262.773E-03  
              795.005E-03        305.959E-03  
              800.006E-03       -109.594E-03  
              805.006E-03       -344.504E-03  
              810.E-03           -10.3533E-03 
              815.001E-03        297.572E-03  
              820.002E-03        138.869E-03  
              825.002E-03       -230.76E-03   
              830.003E-03       -216.633E-03  
              835.004E-03        159.178E-03  
              840.004E-03        222.518E-03  
              845.005E-03        -43.5274E-03 
              850.006E-03       -250.618E-03  
              855.007E-03        -28.7874E-03 
              860.E-03           227.906E-03  
              865.001E-03         79.2085E-03 
              870.002E-03       -174.593E-03  
              875.002E-03       -167.256E-03  
              880.003E-03        145.94E-03   
              885.004E-03        192.069E-03  
              890.004E-03        -87.6026E-03 
              895.005E-03       -226.999E-03  
              900.006E-03        -11.0239E-03 
              905.007E-03        255.85E-03   
              910.E-03            78.548E-03  
              915.001E-03       -222.234E-03  
              920.002E-03       -192.697E-03  
              925.002E-03        159.199E-03  
              930.003E-03        273.733E-03  
              935.004E-03        -70.536E-03  
              940.005E-03       -295.449E-03  
              945.005E-03        -87.4569E-03 
              950.006E-03        291.607E-03  
              955.007E-03        212.379E-03  
              960.E-03          -205.155E-03  
              965.001E-03       -299.312E-03  
              970.002E-03         46.5044E-03 
              975.002E-03        347.741E-03  
              980.003E-03        107.424E-03  
              985.004E-03       -294.431E-03  
              990.005E-03       -243.333E-03  
              995.005E-03        170.622E-03  
                1.               331.861E-03  




