
                  X               _temp_1     

                0.                 0.         
                5.00649E-03       70.6974E-06 
               10.0065E-03        63.979E-06  
               15.0065E-03       -35.7921E-06 
               20.0051E-03      -110.875E-06  
               25.003E-03       -136.66E-06   
               30.0025E-03        -7.14112E-06
               35.0031E-03       121.773E-06  
               40.0023E-03        67.12E-06   
               45.0014E-03       119.489E-09  
               50.0017E-03       -15.0915E-06 
               55.0021E-03        23.3365E-06 
               60.0014E-03        22.8004E-06 
               65.007E-03       -100.238E-06  
               70.006E-03       -136.712E-06  
               75.0052E-03       946.344E-09  
               80.0041E-03       132.954E-06  
               85.0031E-03       153.534E-06  
               90.0021E-03        -8.43513E-06
               95.0015E-03      -116.471E-06  
              100.E-03           -43.2657E-06 
              105.006E-03         10.4434E-06 
              110.005E-03         -8.75951E-06
              115.004E-03        -61.0049E-06 
              120.004E-03        -41.2583E-06 
              125.003E-03        122.033E-06  
              130.002E-03        155.772E-06  
              135.006E-03         -2.06094E-06
              140.002E-03       -121.582E-06  
              145.001E-03       -124.846E-06  
              150.004E-03        -11.5161E-06 
              155.003E-03         60.0582E-06 
              160.E-03           -10.2314E-06 
              165.002E-03         -8.18774E-06
              170.002E-03         91.256E-06  
              175.003E-03        117.284E-06  
              180.E-03             6.38458E-06
              185.002E-03       -158.416E-06  
              190.003E-03       -146.352E-06  
              195.007E-03         15.7687E-06 
              200.004E-03         95.4197E-06 
              205.E-03            45.7416E-06 
              210.001E-03        -27.1479E-06 
              215.002E-03         27.4155E-06 
              220.006E-03        113.126E-06  
              225.003E-03         11.3886E-06 
              230.005E-03       -152.667E-06  
              235.007E-03       -160.213E-06  
              240.004E-03        -98.029E-09  
              245.001E-03        166.479E-06  
              250.003E-03        114.051E-06  
              255.003E-03        -51.4716E-06 
              260.004E-03        -44.3105E-06 
              265.005E-03         37.7181E-06 
              270.006E-03         28.1703E-06 
              275.006E-03        -86.9554E-06 
              280.007E-03       -156.483E-06  
              285.001E-03         -3.71217E-06
              290.001E-03        183.969E-06  
              295.002E-03        134.652E-06  
              300.003E-03        -38.9396E-06 
              305.003E-03       -106.007E-06  
              310.004E-03        -23.4034E-06 
              315.005E-03         36.4857E-06 
              320.006E-03        -44.0058E-06 
              325.006E-03       -108.233E-06  
              330.E-03            12.6204E-06 
              335.001E-03        169.329E-06  
              340.001E-03        138.733E-06  
              345.002E-03        -64.5803E-06 
              350.003E-03       -156.11E-06   
              355.004E-03        -46.1754E-06 
              360.004E-03         49.3296E-06 
              365.005E-03         10.036E-06  
              370.006E-03        -64.6203E-06 
              375.006E-03          2.03179E-06
              380.E-03           162.25E-06   
              385.001E-03        131.968E-06  
              390.001E-03        -86.3597E-06 
              395.002E-03       -191.457E-06  
              400.003E-03        -82.3256E-06 
              405.004E-03         77.9317E-06 
              410.004E-03         88.8798E-06 
              415.005E-03        -32.2431E-06 
              420.006E-03        -19.4884E-06 
              425.006E-03        115.595E-06  
              430.E-03           105.136E-06  
              435.001E-03        -69.1668E-06 
              440.002E-03       -199.796E-06  
              445.002E-03       -108.68E-06   
              450.003E-03         97.3113E-06 
              455.004E-03        139.169E-06  
              460.004E-03         11.7713E-06 
              465.005E-03        -36.5361E-06 
              470.006E-03         44.672E-06  
              475.007E-03         69.8282E-06 
              480.E-03           -54.6799E-06 
              485.001E-03       -173.346E-06  
              490.002E-03        -91.8549E-06 
              495.002E-03        103.206E-06  
              500.003E-03        162.191E-06  
              505.004E-03         33.5384E-06 
              510.004E-03        -70.18E-06   
              515.005E-03        -11.1293E-06 
              520.006E-03         38.199E-06  
              525.007E-03        -38.4737E-06 
              530.E-03          -125.383E-06  
              535.001E-03        -68.7505E-06 
              540.002E-03        111.238E-06  
              545.002E-03        180.124E-06  
              550.003E-03         30.8922E-06 
              555.004E-03       -106.687E-06  
              560.005E-03        -71.6434E-06 
              565.005E-03         10.5353E-06 
              570.006E-03          5.96905E-06
              575.007E-03        -67.4973E-06 
              580.E-03           -51.5065E-06 
              585.001E-03        103.393E-06  
              590.002E-03        167.842E-06  
              595.003E-03         31.9806E-06 
              600.003E-03       -126.024E-06  
              605.004E-03       -127.34E-06   
              610.005E-03        -10.8139E-06 
              615.005E-03         50.7676E-06 
              620.006E-03         -1.18276E-06
              625.007E-03        -20.9242E-06 
              630.E-03            70.822E-06  
              635.001E-03        126.145E-06  
              640.002E-03         22.3363E-06 
              645.003E-03       -131.246E-06  
              650.003E-03       -145.368E-06  
              655.004E-03        -19.1108E-06 
              660.005E-03         80.7217E-06 
              665.005E-03         58.1154E-06 
              670.006E-03        549.346E-09  
              675.007E-03         33.4572E-06 
              680.E-03            77.3066E-06 
              685.001E-03        632.693E-09  
              690.002E-03       -121.58E-06   
              695.003E-03       -135.947E-06  
              700.003E-03        -14.2468E-06 
              705.004E-03        111.713E-06  
              710.005E-03         97.8911E-06 
              715.005E-03          2.25657E-06
              720.006E-03        -12.5464E-06 
              725.007E-03         20.9155E-06 
              730.001E-03         -9.50482E-06
              735.001E-03        -89.2791E-06 
              740.002E-03       -112.576E-06  
              745.003E-03         -3.96784E-06
              750.003E-03        129.933E-06  
              755.004E-03        120.452E-06  
              760.005E-03          1.30823E-06
              765.006E-03        -66.5217E-06 
              770.006E-03        -39.6139E-06 
              775.007E-03        -11.5254E-06 
              780.001E-03        -40.0027E-06 
              785.001E-03        -65.3618E-06 
              790.002E-03          6.39323E-06
              795.003E-03        120.E-06     
              800.003E-03        121.877E-06  
              805.004E-03         -5.32825E-06
              810.005E-03       -107.242E-06  
              815.006E-03        -85.9101E-06 
              820.006E-03        -13.7195E-06 
              825.E-03            13.5541E-06 
              830.001E-03         -7.08188E-06
              835.001E-03         14.4608E-06 
              840.002E-03         95.4488E-06 
              845.003E-03         99.2704E-06 
              850.004E-03        -19.8969E-06 
              855.004E-03       -127.677E-06  
              860.005E-03       -111.22E-06   
              865.006E-03         -5.56553E-06
              870.006E-03         65.3935E-06 
              875.E-03            39.6726E-06 
              880.001E-03         13.8549E-06 
              885.001E-03         56.9276E-06 
              890.002E-03         64.2339E-06 
              895.003E-03        -27.3952E-06 
              900.004E-03       -129.815E-06  
              905.004E-03       -117.346E-06  
              910.005E-03         12.0388E-06 
              915.006E-03        110.08E-06   
              920.006E-03         75.6387E-06 
              925.E-03           751.124E-09  
              930.001E-03        338.026E-09  
              935.002E-03         23.0137E-06 
              940.002E-03        -24.1234E-06 
              945.003E-03       -106.131E-06  
              950.004E-03       -101.788E-06  
              955.004E-03         25.2759E-06 
              960.005E-03        137.812E-06  
              965.006E-03         99.8107E-06 
              970.007E-03        -19.5672E-06 
              975.E-03           -58.1462E-06 
              980.001E-03        -21.7113E-06 
              985.002E-03        -15.0469E-06 
              990.002E-03        -59.4031E-06 
              995.003E-03        -68.6197E-06 
                1.                33.1846E-06 




