
                  X               _temp_2     

                0.                 0.         
                5.00497E-03      178.177E-06  
               10.0043E-03       173.535E-06  
               15.0048E-03      -186.685E-06  
               20.0055E-03      -467.083E-06  
               25.0056E-03      -221.083E-06  
               30.0039E-03       498.026E-06  
               35.0011E-03       681.282E-06  
               40.007E-03        -21.8684E-06 
               45.0007E-03      -669.907E-06  
               50.0012E-03      -527.044E-06  
               55.0015E-03       208.238E-06  
               60.0001E-03       640.426E-06  
               65.0049E-03       256.699E-06  
               70.0039E-03      -242.471E-06  
               75.0032E-03      -288.989E-06  
               80.0031E-03      -118.399E-06  
               85.0026E-03        24.2081E-06 
               90.0021E-03        37.3332E-06 
               95.E-03           190.999E-06  
              100.006E-03        363.564E-06  
              105.005E-03         38.4748E-06 
              110.005E-03       -461.952E-06  
              115.005E-03       -519.856E-06  
              120.004E-03         81.8869E-06 
              125.003E-03        706.979E-06  
              130.005E-03        468.763E-06  
              135.006E-03       -324.096E-06  
              140.003E-03       -664.25E-06   
              145.001E-03       -252.102E-06  
              150.004E-03        379.158E-06  
              155.003E-03        486.044E-06  
              160.006E-03         65.3454E-06 
              165.005E-03       -187.085E-06  
              170.001E-03       -172.612E-06  
              175.005E-03       -116.661E-06  
              180.002E-03        -77.2918E-06 
              185.003E-03         26.687E-06  
              190.005E-03        330.757E-06  
              195.003E-03        355.218E-06  
              200.005E-03       -124.744E-06  
              205.003E-03       -549.632E-06  
              210.007E-03       -397.338E-06  
              215.002E-03        276.114E-06  
              220.005E-03        668.609E-06  
              225.007E-03        251.796E-06  
              230.004E-03       -396.737E-06  
              235.001E-03       -529.327E-06  
              240.005E-03       -117.889E-06  
              245.001E-03        327.946E-06  
              250.007E-03        334.885E-06  
              255.E-03            77.4484E-06 
              260.001E-03        -65.3268E-06 
              265.002E-03       -173.617E-06  
              270.003E-03       -244.699E-06  
              275.003E-03       -157.178E-06  
              280.004E-03        167.7E-06    
              285.005E-03        482.958E-06  
              290.005E-03        257.816E-06  
              295.006E-03       -334.639E-06  
              300.007E-03       -603.046E-06  
              305.001E-03       -201.773E-06  
              310.001E-03        454.393E-06  
              315.002E-03        584.305E-06  
              320.003E-03         63.7196E-06 
              325.003E-03       -433.989E-06  
              330.004E-03       -401.154E-06  
              335.005E-03        -26.6829E-06 
              340.005E-03        271.977E-06  
              345.006E-03        257.863E-06  
              350.007E-03        109.318E-06  
              355.001E-03        -42.3419E-06 
              360.001E-03       -235.132E-06  
              365.002E-03       -309.22E-06   
              370.003E-03       -105.937E-06  
              375.003E-03        309.942E-06  
              380.004E-03        484.853E-06  
              385.005E-03        109.127E-06  
              390.006E-03       -438.64E-06   
              395.006E-03       -524.624E-06  
              400.007E-03        -34.0474E-06 
              405.001E-03        482.193E-06  
              410.001E-03        457.885E-06  
              415.002E-03        -40.8111E-06 
              420.003E-03       -391.418E-06  
              425.004E-03       -319.955E-06  
              430.004E-03        -20.3247E-06 
              435.005E-03        215.625E-06  
              440.006E-03        247.198E-06  
              445.006E-03        168.199E-06  
              450.E-03           -41.456E-06  
              455.001E-03       -309.367E-06  
              460.001E-03       -360.737E-06  
              465.002E-03        -26.4112E-06 
              470.003E-03        440.594E-06  
              475.004E-03        483.998E-06  
              480.004E-03        -32.4918E-06 
              485.005E-03       -545.474E-06  
              490.006E-03       -448.935E-06  
              495.006E-03        124.105E-06  
              500.E-03           528.508E-06  
              505.001E-03        338.886E-06  
              510.002E-03       -153.574E-06  
              515.002E-03       -364.216E-06  
              520.003E-03       -231.212E-06  
              525.004E-03         13.3762E-06 
              530.004E-03        170.43E-06   
              535.005E-03        239.5E-06    
              540.006E-03        206.105E-06  
              545.007E-03        -53.2154E-06 
              550.E-03          -377.787E-06  
              555.001E-03       -380.729E-06  
              560.002E-03         85.8391E-06 
              565.002E-03        549.002E-06  
              570.003E-03        422.708E-06  
              575.004E-03       -205.057E-06  
              580.004E-03       -589.624E-06  
              585.005E-03       -308.832E-06  
              590.006E-03        258.931E-06  
              595.007E-03        477.915E-06  
              600.E-03           182.899E-06  
              605.001E-03       -168.983E-06  
              610.002E-03       -261.821E-06  
              615.002E-03       -182.348E-06  
              620.003E-03        -52.5021E-06 
              625.004E-03        127.318E-06  
              630.005E-03        339.117E-06  
              635.005E-03        280.251E-06  
              640.006E-03       -152.324E-06  
              645.007E-03       -527.627E-06  
              650.E-03          -343.97E-06   
              655.001E-03        292.561E-06  
              660.002E-03        635.641E-06  
              665.002E-03        246.569E-06  
              670.003E-03       -395.035E-06  
              675.004E-03       -528.739E-06  
              680.005E-03       -107.908E-06  
              685.005E-03        327.093E-06  
              690.006E-03        337.026E-06  
              695.007E-03         83.1281E-06 
              700.E-03           -89.5978E-06 
              705.001E-03       -180.506E-06  
              710.002E-03       -230.077E-06  
              715.003E-03       -138.933E-06  
              720.003E-03        198.365E-06  
              725.004E-03        476.939E-06  
              730.005E-03        237.498E-06  
              735.005E-03       -343.737E-06  
              740.006E-03       -595.502E-06  
              745.007E-03       -161.423E-06  
              750.E-03           474.973E-06  
              755.001E-03        553.502E-06  
              760.002E-03         21.9654E-06 
              765.003E-03       -428.973E-06  
              770.003E-03       -361.283E-06  
              775.004E-03          2.55673E-06
              780.005E-03        238.258E-06  
              785.005E-03        222.093E-06  
              790.006E-03        151.689E-06  
              795.007E-03          9.91741E-06
              800.001E-03       -237.009E-06  
              805.001E-03       -365.989E-06  
              810.002E-03       -119.021E-06  
              815.003E-03        394.319E-06  
              820.003E-03        540.429E-06  
              825.004E-03         49.4348E-06 
              830.005E-03       -524.779E-06  
              835.005E-03       -510.677E-06  
              840.006E-03         70.6376E-06 
              845.007E-03        529.765E-06  
              850.001E-03        370.891E-06  
              855.001E-03       -108.623E-06  
              860.002E-03       -340.949E-06  
              865.003E-03       -236.413E-06  
              870.003E-03        -15.2407E-06 
              875.004E-03        136.526E-06  
              880.005E-03        244.78E-06   
              885.006E-03        254.152E-06  
              890.006E-03        -18.6441E-06 
              895.E-03          -378.822E-06  
              900.001E-03       -416.138E-06  
              905.001E-03         41.792E-06  
              910.002E-03        541.183E-06  
              915.003E-03        443.509E-06  
              920.004E-03       -155.902E-06  
              925.004E-03       -555.441E-06  
              930.005E-03       -336.838E-06  
              935.006E-03        197.652E-06  
              940.006E-03        447.864E-06  
              945.E-03           232.266E-06  
              950.001E-03        -95.9823E-06 
              955.001E-03       -252.135E-06  
              960.002E-03       -233.926E-06  
              965.003E-03        -94.1742E-06 
              970.004E-03        133.094E-06  
              975.004E-03        358.89E-06   
              980.005E-03        280.999E-06  
              985.006E-03       -149.214E-06  
              990.006E-03       -498.482E-06  
              995.E-03          -343.159E-06  
                1.               230.22E-06   




