
                  X               _temp_1     

                0.                 0.         
                5.00497E-03      -33.4821E-03 
               10.0043E-03        87.8702E-03 
               15.0048E-03      -102.945E-03  
               20.0055E-03         8.52099E-03
               25.0056E-03       137.602E-03  
               30.0039E-03       -11.3298E-03 
               35.0011E-03       -14.4217E-03 
               40.007E-03       -135.417E-03  
               45.0007E-03       -80.4639E-03 
               50.0012E-03       171.949E-03  
               55.0015E-03        72.0553E-03 
               60.0001E-03      -100.04E-03   
               65.0049E-03       -76.5952E-03 
               70.0039E-03       -91.7295E-03 
               75.0032E-03       204.111E-03  
               80.0031E-03       126.949E-03  
               85.0026E-03      -165.352E-03  
               90.0021E-03       -74.9255E-03 
               95.E-03           -46.1804E-03 
              100.006E-03        162.568E-03  
              105.005E-03         90.9285E-03 
              110.005E-03       -195.525E-03  
              115.005E-03       -103.116E-03  
              120.004E-03         79.7324E-03 
              125.003E-03        137.914E-03  
              130.005E-03         51.6643E-03 
              135.006E-03       -178.477E-03  
              140.003E-03       -103.385E-03  
              145.001E-03        140.581E-03  
              150.004E-03         80.1025E-03 
              155.003E-03        -30.1713E-03 
              160.006E-03       -126.864E-03  
              165.005E-03        -47.8175E-03 
              170.001E-03        163.2E-03    
              175.005E-03        595.968E-06  
              180.002E-03       -103.238E-03  
              185.003E-03        -20.4123E-03 
              190.005E-03         61.6222E-03 
              195.003E-03        139.412E-03  
              200.005E-03       -102.164E-03  
              205.003E-03       -193.923E-03  
              210.007E-03         38.6496E-03 
              215.002E-03        167.215E-03  
              220.005E-03         67.0114E-03 
              225.007E-03       -152.629E-03  
              230.004E-03       -221.E-03     
              235.001E-03         99.4801E-03 
              240.005E-03        253.908E-03  
              245.001E-03        753.558E-06  
              250.007E-03       -161.44E-03   
              255.E-03          -159.759E-03  
              260.001E-03        135.662E-03  
              265.002E-03        217.488E-03  
              270.003E-03       -104.698E-03  
              275.003E-03       -194.186E-03  
              280.004E-03        -11.107E-03  
              285.005E-03        168.592E-03  
              290.005E-03        106.649E-03  
              295.006E-03       -175.086E-03  
              300.007E-03       -167.948E-03  
              305.001E-03        122.415E-03  
              310.001E-03        187.697E-03  
              315.002E-03        -31.0803E-03 
              320.003E-03       -187.626E-03  
              325.003E-03        -80.102E-03  
              330.004E-03        183.353E-03  
              335.005E-03        121.656E-03  
              340.005E-03       -147.115E-03  
              345.006E-03       -130.234E-03  
              350.007E-03         67.6501E-03 
              355.001E-03        180.101E-03  
              360.001E-03        -13.2906E-03 
              365.002E-03       -212.691E-03  
              370.003E-03        -43.6484E-03 
              375.003E-03        202.934E-03  
              380.004E-03        115.227E-03  
              385.005E-03       -152.854E-03  
              390.006E-03       -221.411E-03  
              395.006E-03         50.1051E-03 
              400.007E-03        265.966E-03  
              405.001E-03         39.4692E-03 
              410.001E-03       -216.677E-03  
              415.002E-03       -133.716E-03  
              420.003E-03        133.494E-03  
              425.004E-03        223.677E-03  
              430.004E-03        -54.4268E-03 
              435.005E-03       -221.648E-03  
              440.006E-03         -1.56533E-03
              445.006E-03        174.745E-03  
              450.E-03            90.992E-03  
              455.001E-03       -151.261E-03  
              460.001E-03       -167.172E-03  
              465.002E-03        106.219E-03  
              470.003E-03        195.84E-03   
              475.004E-03        -42.1862E-03 
              480.004E-03       -181.248E-03  
              485.005E-03        -56.5396E-03 
              490.006E-03        160.256E-03  
              495.006E-03        149.234E-03  
              500.E-03          -123.999E-03  
              505.001E-03       -147.018E-03  
              510.002E-03         58.442E-03  
              515.002E-03        142.967E-03  
              520.003E-03         21.8945E-03 
              525.004E-03       -159.411E-03  
              530.004E-03        -64.2831E-03 
              535.005E-03        157.276E-03  
              540.006E-03        100.094E-03  
              545.007E-03       -112.117E-03  
              550.E-03          -156.674E-03  
              555.001E-03         31.5372E-03 
              560.002E-03        195.304E-03  
              565.002E-03         56.5711E-03 
              570.003E-03       -182.232E-03  
              575.004E-03       -108.692E-03  
              580.004E-03         95.7477E-03 
              585.005E-03        163.812E-03  
              590.006E-03         -5.10111E-03
              595.007E-03       -168.672E-03  
              600.E-03           -29.6096E-03 
              605.001E-03        122.002E-03  
              610.002E-03         85.0609E-03 
              615.002E-03        -82.0591E-03 
              620.003E-03       -114.64E-03   
              625.004E-03         47.239E-03  
              630.005E-03        130.556E-03  
              635.005E-03         -1.03198E-03
              640.006E-03       -132.742E-03  
              645.007E-03        -52.1992E-03 
              650.E-03            93.5003E-03 
              655.001E-03        118.398E-03  
              660.002E-03        -46.9704E-03 
              665.002E-03       -122.805E-03  
              670.003E-03          1.84679E-03
              675.004E-03         95.4494E-03 
              680.005E-03         59.8138E-03 
              685.005E-03        -72.8917E-03 
              690.006E-03        -72.244E-03  
              695.007E-03         48.4101E-03 
              700.E-03            79.9445E-03 
              705.001E-03        -23.6109E-03 
              710.002E-03        -94.4343E-03 
              715.003E-03         -9.28537E-03
              720.003E-03         91.2555E-03 
              725.004E-03         73.811E-03  
              730.005E-03        -85.2206E-03 
              735.005E-03       -101.991E-03  
              740.006E-03         26.2246E-03 
              745.007E-03        109.735E-03  
              750.E-03            55.063E-03  
              755.001E-03        -97.3502E-03 
              760.002E-03        -86.6481E-03 
              765.003E-03         39.5681E-03 
              770.003E-03         99.9026E-03 
              775.004E-03          6.55468E-03
              780.005E-03        -81.4235E-03 
              785.005E-03        -39.2446E-03 
              790.006E-03         63.278E-03  
              795.007E-03         69.733E-03  
              800.001E-03        -57.0522E-03 
              805.001E-03        -76.1543E-03 
              810.002E-03         13.6073E-03 
              815.003E-03         93.0216E-03 
              820.003E-03         37.2436E-03 
              825.004E-03        -99.0194E-03 
              830.005E-03        -75.5083E-03 
              835.005E-03         48.503E-03  
              840.006E-03        105.731E-03  
              845.007E-03          4.01086E-03
              850.001E-03        -96.9092E-03 
              855.001E-03        -51.8053E-03 
              860.002E-03         71.954E-03  
              865.003E-03         73.1533E-03 
              870.003E-03        -45.5605E-03 
              875.004E-03        -71.2553E-03 
              880.005E-03          7.89275E-03
              885.006E-03         94.2807E-03 
              890.006E-03          8.08014E-03
              895.E-03          -102.5E-03    
              900.001E-03        -48.97E-03   
              905.001E-03         76.6186E-03 
              910.002E-03        106.445E-03  
              915.003E-03        -45.3116E-03 
              920.004E-03       -133.783E-03  
              925.004E-03        -24.0305E-03 
              930.005E-03        119.432E-03  
              935.006E-03         82.3313E-03 
              940.006E-03        -76.6606E-03 
              945.E-03          -111.903E-03  
              950.001E-03         22.2797E-03 
              955.001E-03        121.213E-03  
              960.002E-03         12.1068E-03 
              965.003E-03       -101.856E-03  
              970.004E-03        -49.5604E-03 
              975.004E-03         86.1557E-03 
              980.005E-03         90.4822E-03 
              985.006E-03        -74.1381E-03 
              990.006E-03       -121.758E-03  
              995.E-03            13.646E-03  
                1.               134.561E-03  




