
                  X               _temp_2     

                0.                 0.         
                5.00667E-03       37.5953E-06 
               10.0063E-03        -8.86942E-06
               15.0047E-03       -47.2537E-06 
               20.0043E-03        -4.96573E-06
               25.004E-03          4.04205E-06
               30.0037E-03        55.8328E-06 
               35.0034E-03        17.8641E-06 
               40.0017E-03       -77.6667E-06 
               45.0015E-03       -47.8499E-06 
               50.0012E-03        34.7664E-06 
               55.0007E-03        85.3686E-06 
               60.0006E-03        35.66E-06   
               65.0062E-03       -96.2434E-06 
               70.0052E-03       -84.5655E-06 
               75.0045E-03        64.9687E-06 
               80.0035E-03       104.017E-06  
               85.0026E-03        15.5107E-06 
               90.0015E-03      -120.506E-06  
               95.0005E-03      -101.25E-06   
              100.007E-03         97.9413E-06 
              105.006E-03        128.106E-06  
              110.005E-03        -17.0326E-06 
              115.003E-03       -135.355E-06  
              120.002E-03        -81.4947E-06 
              125.001E-03        126.516E-06  
              130.003E-03        131.542E-06  
              135.007E-03        -68.9887E-06 
              140.001E-03       -155.023E-06  
              145.003E-03        -42.128E-06  
              150.006E-03        146.132E-06  
              155.006E-03        113.878E-06  
              160.003E-03       -111.989E-06  
              165.005E-03       -155.096E-06  
              170.007E-03         19.9124E-06 
              175.002E-03        162.55E-06   
              180.003E-03         74.2184E-06 
              185.006E-03       -146.17E-06   
              190.002E-03       -143.969E-06  
              195.004E-03         70.4244E-06 
              200.006E-03        160.162E-06  
              205.007E-03         16.6226E-06 
              210.002E-03       -157.781E-06  
              215.005E-03       -108.231E-06  
              220.E-03           111.294E-06  
              225.003E-03        148.662E-06  
              230.004E-03        -32.9627E-06 
              235.001E-03       -145.559E-06  
              240.004E-03        -61.4824E-06 
              245.004E-03        121.282E-06  
              250.007E-03        111.37E-06   
              255.E-03           -71.5175E-06 
              260.001E-03       -113.528E-06  
              265.002E-03         -8.90311E-06
              270.002E-03        104.173E-06  
              275.003E-03         58.3554E-06 
              280.004E-03        -74.3077E-06 
              285.005E-03        -57.8027E-06 
              290.005E-03         34.145E-06  
              295.006E-03         59.2816E-06 
              300.007E-03         -1.88305E-06
              305.E-03           -41.2313E-06 
              310.001E-03         -1.00021E-06
              315.002E-03         36.4406E-06 
              320.003E-03         -3.55141E-06
              325.003E-03        -41.4489E-06 
              330.004E-03         22.84E-06   
              335.005E-03         52.8534E-06 
              340.005E-03          3.30881E-06
              345.006E-03        -66.4338E-06 
              350.007E-03        -41.6539E-06 
              355.E-03            92.7595E-06 
              360.001E-03         80.0774E-06 
              365.002E-03        -60.2478E-06 
              370.003E-03       -118.255E-06  
              375.003E-03         -4.26278E-06
              380.004E-03        150.248E-06  
              385.005E-03         71.5562E-06 
              390.005E-03       -129.254E-06  
              395.006E-03       -138.634E-06  
              400.007E-03         63.5652E-06 
              405.001E-03        182.5E-06    
              410.001E-03         28.9311E-06 
              415.002E-03       -180.819E-06  
              420.003E-03       -123.484E-06  
              425.003E-03        127.553E-06  
              430.004E-03        178.666E-06  
              435.005E-03        -37.945E-06  
              440.005E-03       -201.739E-06  
              445.006E-03        -74.1483E-06 
              450.007E-03        172.066E-06  
              455.001E-03        145.723E-06  
              460.001E-03        -96.6144E-06 
              465.002E-03       -184.347E-06  
              470.003E-03         -9.95489E-06
              475.003E-03        180.127E-06  
              480.004E-03         88.3663E-06 
              485.005E-03       -131.954E-06  
              490.006E-03       -140.112E-06  
              495.006E-03         45.7094E-06 
              500.007E-03        153.211E-06  
              505.001E-03         27.9118E-06 
              510.001E-03       -127.577E-06  
              515.002E-03        -81.3687E-06 
              520.003E-03         75.252E-06  
              525.003E-03        105.638E-06  
              530.004E-03        -18.8317E-06 
              535.005E-03        -90.1806E-06 
              540.006E-03        -26.6891E-06 
              545.006E-03         69.0644E-06 
              550.E-03            48.9072E-06 
              555.001E-03        -37.912E-06  
              560.001E-03        -37.0034E-06 
              565.002E-03          8.78305E-06
              570.003E-03         34.9809E-06 
              575.004E-03        -91.0841E-09 
              580.004E-03        -23.2566E-06 
              585.005E-03         17.7974E-06 
              590.006E-03         18.4513E-06 
              595.006E-03        -15.5387E-06 
              600.E-03           -30.6896E-06 
              605.001E-03         15.0534E-06 
              610.002E-03         56.1418E-06 
              615.002E-03        738.975E-09  
              620.003E-03        -65.4287E-06 
              625.004E-03        -37.0297E-06 
              630.004E-03         66.0707E-06 
              635.005E-03         75.0057E-06 
              640.006E-03        -35.9222E-06 
              645.006E-03       -102.745E-06  
              650.E-03           -19.8746E-06 
              655.001E-03        111.769E-06  
              660.002E-03         71.4662E-06 
              665.002E-03        -80.2957E-06 
              670.003E-03       -121.338E-06  
              675.004E-03         13.7372E-06 
              680.004E-03        142.604E-06  
              685.005E-03         50.6248E-06 
              690.006E-03       -120.098E-06  
              695.007E-03       -118.568E-06  
              700.E-03            53.2239E-06 
              705.001E-03        153.982E-06  
              710.002E-03         20.3186E-06 
              715.002E-03       -145.225E-06  
              720.003E-03       -100.581E-06  
              725.004E-03         87.7887E-06 
              730.005E-03        145.501E-06  
              735.005E-03        -13.5678E-06 
              740.006E-03       -152.039E-06  
              745.007E-03        -72.1611E-06 
              750.E-03           109.145E-06  
              755.001E-03        124.504E-06  
              760.002E-03        -40.5441E-06 
              765.002E-03       -140.319E-06  
              770.003E-03        -42.142E-06  
              775.004E-03        114.151E-06  
              780.005E-03         94.8312E-06 
              785.005E-03        -57.22E-06   
              790.006E-03       -115.874E-06  
              795.007E-03        -16.0342E-06 
              800.E-03           102.593E-06  
              805.001E-03         64.3025E-06 
              810.002E-03        -57.9185E-06 
              815.003E-03        -84.791E-06  
              820.003E-03        810.847E-09  
              825.004E-03         78.6101E-06 
              830.005E-03         36.9357E-06 
              835.005E-03        -43.2645E-06 
              840.006E-03        -53.0209E-06 
              845.007E-03          5.01852E-06
              850.E-03            46.6567E-06 
              855.001E-03         18.4852E-06 
              860.002E-03        -16.204E-06  
              865.003E-03        -25.932E-06  
              870.003E-03         -4.95405E-06
              875.004E-03         12.2674E-06 
              880.005E-03         13.5044E-06 
              885.005E-03         18.5502E-06 
              890.006E-03         -7.42665E-06
              895.007E-03        -28.7089E-06 
              900.E-03           -18.5368E-06 
              905.001E-03         24.069E-06  
              910.002E-03         52.9595E-06 
              915.003E-03         -2.52165E-06
              920.003E-03        -61.5542E-06 
              925.004E-03        -39.753E-06  
              930.005E-03         50.1689E-06 
              935.005E-03         81.5731E-06 
              940.006E-03        -13.5149E-06 
              945.007E-03        -97.2215E-06 
              950.001E-03        -45.3258E-06 
              955.001E-03         84.7597E-06 
              960.002E-03         96.8139E-06 
              965.003E-03        -39.6045E-06 
              970.003E-03       -126.137E-06  
              975.004E-03        -32.7676E-06 
              980.005E-03        120.369E-06  
              985.006E-03         94.9096E-06 
              990.006E-03        -75.2037E-06 
              995.007E-03       -140.564E-06  
                1.                -4.61897E-06




