
                  X               _temp_2     

                0.                 0.         
                5.00497E-03      644.216E-03  
               10.0043E-03       280.557E-03  
               15.0048E-03      -618.944E-03  
               20.0055E-03      -575.671E-03  
               25.0056E-03       407.315E-03  
               30.0039E-03       632.509E-03  
               35.0011E-03         2.19863E-03
               40.007E-03       -661.696E-03  
               45.0007E-03      -329.726E-03  
               50.0012E-03       584.029E-03  
               55.0015E-03       477.675E-03  
               60.0001E-03      -224.919E-03  
               65.0049E-03      -468.082E-03  
               70.0039E-03       -19.3669E-03 
               75.0032E-03       444.513E-03  
               80.0031E-03        74.5075E-03 
               85.0026E-03      -429.412E-03  
               90.0021E-03      -135.731E-03  
               95.E-03           385.947E-03  
              100.006E-03        265.58E-03   
              105.005E-03       -322.69E-03   
              110.005E-03       -555.355E-03  
              115.005E-03        143.836E-03  
              120.004E-03        669.009E-03  
              125.003E-03        131.276E-03  
              130.005E-03       -547.286E-03  
              135.006E-03       -512.007E-03  
              140.003E-03        296.839E-03  
              145.001E-03        655.016E-03  
              150.004E-03          6.3513E-03 
              155.003E-03       -527.276E-03  
              160.006E-03       -258.421E-03  
              165.005E-03        358.806E-03  
              170.001E-03        379.485E-03  
              175.005E-03       -219.858E-03  
              180.002E-03       -450.107E-03  
              185.003E-03         60.4778E-03 
              190.005E-03        404.44E-03   
              195.003E-03         90.654E-03  
              200.005E-03       -384.508E-03  
              205.003E-03       -327.498E-03  
              210.007E-03        312.279E-03  
              215.002E-03        424.922E-03  
              220.005E-03        -73.6358E-03 
              225.007E-03       -379.02E-03   
              230.004E-03       -174.92E-03   
              235.001E-03        321.357E-03  
              240.005E-03        240.943E-03  
              245.001E-03       -204.387E-03  
              250.007E-03       -241.14E-03   
              255.E-03            73.3198E-03 
              260.001E-03        242.719E-03  
              265.002E-03        -38.2133E-03 
              270.003E-03       -325.511E-03  
              275.003E-03        -64.6299E-03 
              280.004E-03        372.382E-03  
              285.005E-03        194.009E-03  
              290.005E-03       -249.706E-03  
              295.006E-03       -393.114E-03  
              300.007E-03         14.158E-03  
              305.001E-03        462.303E-03  
              310.001E-03        181.45E-03   
              315.002E-03       -280.083E-03  
              320.003E-03       -322.851E-03  
              325.003E-03         38.4028E-03 
              330.004E-03        314.219E-03  
              335.005E-03         89.0749E-03 
              340.005E-03       -217.482E-03  
              345.006E-03       -132.218E-03  
              350.007E-03        110.662E-03  
              355.001E-03        113.975E-03  
              360.001E-03        -70.2674E-03 
              365.002E-03       -187.471E-03  
              370.003E-03         44.1544E-03 
              375.003E-03        241.496E-03  
              380.004E-03         43.0616E-03 
              385.005E-03       -172.039E-03  
              390.006E-03       -199.042E-03  
              395.006E-03         84.1117E-03 
              400.007E-03        266.473E-03  
              405.001E-03         50.4946E-03 
              410.001E-03       -172.345E-03  
              415.002E-03       -164.862E-03  
              420.003E-03         44.7493E-03 
              425.004E-03        140.495E-03  
              430.004E-03          5.5542E-03 
              435.005E-03       -113.504E-03  
              440.006E-03         14.3008E-03 
              445.006E-03        104.615E-03  
              450.E-03            10.1265E-03 
              455.001E-03       -133.989E-03  
              460.001E-03       -114.434E-03  
              465.002E-03        185.929E-03  
              470.003E-03        242.447E-03  
              475.004E-03        -51.4343E-03 
              480.004E-03       -295.735E-03  
              485.005E-03       -171.994E-03  
              490.006E-03        217.224E-03  
              495.006E-03        305.128E-03  
              500.E-03           -37.9497E-03 
              505.001E-03       -315.051E-03  
              510.002E-03       -118.875E-03  
              515.002E-03        190.798E-03  
              520.003E-03        201.827E-03  
              525.004E-03        -80.5272E-03 
              530.004E-03       -207.874E-03  
              535.005E-03         81.3056E-03 
              540.006E-03        201.527E-03  
              545.007E-03        -11.6147E-03 
              550.E-03          -234.529E-03  
              555.001E-03       -109.15E-03   
              560.002E-03        273.8E-03    
              565.002E-03        253.445E-03  
              570.003E-03       -168.223E-03  
              575.004E-03       -352.22E-03   
              580.004E-03        -29.3498E-03 
              585.005E-03        319.244E-03  
              590.006E-03        216.819E-03  
              595.007E-03       -208.166E-03  
              600.E-03          -264.741E-03  
              605.001E-03        100.148E-03  
              610.002E-03        220.865E-03  
              615.002E-03          2.69567E-03
              620.003E-03       -224.197E-03  
              625.004E-03        -18.1181E-03 
              630.005E-03        293.642E-03  
              635.005E-03         91.8251E-03 
              640.006E-03       -289.586E-03  
              645.007E-03       -269.821E-03  
              650.E-03           187.221E-03  
              655.001E-03        422.801E-03  
              660.002E-03         16.1176E-03 
              665.002E-03       -439.867E-03  
              670.003E-03       -225.992E-03  
              675.004E-03        279.639E-03  
              680.005E-03        347.913E-03  
              685.005E-03        -68.875E-03  
              690.006E-03       -360.108E-03  
              695.007E-03        -12.6274E-03 
              700.E-03           292.716E-03  
              705.001E-03         88.1149E-03 
              710.002E-03       -240.037E-03  
              715.003E-03       -190.11E-03   
              720.003E-03        254.526E-03  
              725.004E-03        297.51E-03   
              730.005E-03       -175.219E-03  
              735.005E-03       -399.707E-03  
              740.006E-03        -36.2858E-03 
              745.007E-03        400.71E-03   
              750.E-03           262.16E-03   
              755.001E-03       -269.958E-03  
              760.002E-03       -365.095E-03  
              765.003E-03         98.811E-03  
              770.003E-03        324.838E-03  
              775.004E-03         68.6164E-03 
              780.005E-03       -261.248E-03  
              785.005E-03       -121.245E-03  
              790.006E-03        248.632E-03  
              795.007E-03        133.609E-03  
              800.001E-03       -221.149E-03  
              805.001E-03       -256.405E-03  
              810.002E-03        152.747E-03  
              815.003E-03        383.951E-03  
              820.003E-03       -504.991E-06  
              825.004E-03       -411.683E-03  
              830.005E-03       -222.71E-03   
              835.005E-03        288.38E-03   
              840.006E-03        366.93E-03   
              845.007E-03        -71.1943E-03 
              850.001E-03       -372.745E-03  
              855.001E-03        -86.5842E-03 
              860.002E-03        268.115E-03  
              865.003E-03        149.862E-03  
              870.003E-03       -170.964E-03  
              875.004E-03       -191.823E-03  
              880.005E-03        152.607E-03  
              885.006E-03        220.25E-03   
              890.006E-03       -113.776E-03  
              895.E-03          -299.044E-03  
              900.001E-03        -36.9304E-03 
              905.001E-03        337.369E-03  
              910.002E-03        206.654E-03  
              915.003E-03       -234.087E-03  
              920.004E-03       -328.457E-03  
              925.004E-03         46.7306E-03 
              930.005E-03        316.936E-03  
              935.006E-03        122.739E-03  
              940.006E-03       -207.644E-03  
              945.E-03          -183.641E-03  
              950.001E-03        112.475E-03  
              955.001E-03        145.001E-03  
              960.002E-03        -73.0847E-03 
              965.003E-03       -166.996E-03  
              970.004E-03         53.052E-03  
              975.004E-03        228.428E-03  
              980.005E-03          7.68258E-03
              985.006E-03       -257.53E-03   
              990.006E-03       -171.03E-03   
              995.E-03           191.995E-03  
                1.               303.268E-03  




