
                  X               _temp_1     

                0.                 0.         
                5.00534E-03        6.73053E-06
               10.0055E-03        -2.92418E-06
               15.006E-03         10.73E-06   
               20.0046E-03        40.9949E-06 
               25.0026E-03       -53.9475E-06 
               30.0025E-03       -43.2278E-06 
               35.0029E-03        70.4218E-06 
               40.0021E-03        60.2755E-06 
               45.0067E-03       -24.0299E-06 
               50.0066E-03      -118.471E-06  
               55.0003E-03         4.15429E-06
               60.0066E-03       163.512E-06  
               65.0042E-03        28.6945E-06 
               70.0037E-03      -149.295E-06  
               75.0029E-03       -87.0183E-06 
               80.0021E-03       125.697E-06  
               85.0068E-03       157.847E-06  
               90.006E-03        -88.1315E-06 
               95.0056E-03      -196.973E-06  
              100.005E-03         34.2167E-06 
              105.003E-03        188.969E-06  
              110.001E-03         39.1205E-06 
              115.001E-03       -157.629E-06  
              120.E-03          -102.068E-06  
              125.006E-03        141.601E-06  
              130.001E-03        119.787E-06  
              135.004E-03        -93.7267E-06 
              140.001E-03       -117.658E-06  
              145.002E-03         28.2543E-06 
              150.004E-03        132.123E-06  
              155.007E-03          2.21801E-06
              160.004E-03       -116.31E-06   
              165.006E-03        -22.3921E-06 
              170.001E-03         81.2314E-06 
              175.003E-03         47.7054E-06 
              180.007E-03        -42.2683E-06 
              185.002E-03        -54.6453E-06 
              190.005E-03         13.0617E-06 
              195.004E-03         53.3609E-06 
              200.002E-03          5.44271E-06
              205.005E-03        -10.8669E-06 
              210.002E-03        -33.8312E-06 
              215.007E-03        -27.7204E-06 
              220.004E-03         47.0433E-06 
              225.E-03            56.1717E-06 
              230.006E-03        665.75E-09   
              235.003E-03        -91.5189E-06 
              240.E-03           -50.3292E-06 
              245.005E-03        107.661E-06  
              250.005E-03         95.025E-06  
              255.006E-03        -84.8279E-06 
              260.006E-03       -139.503E-06  
              265.E-03            34.8951E-06 
              270.001E-03        170.144E-06  
              275.001E-03         17.9343E-06 
              280.002E-03       -188.695E-06  
              285.003E-03        -75.8771E-06 
              290.004E-03        167.819E-06  
              295.004E-03        120.256E-06  
              300.005E-03       -126.316E-06  
              305.006E-03       -176.562E-06  
              310.006E-03         76.1528E-06 
              315.E-03           197.479E-06  
              320.001E-03        -38.4162E-06 
              325.001E-03       -199.275E-06  
              330.002E-03        -35.3375E-06 
              335.003E-03        184.072E-06  
              340.004E-03         84.0799E-06 
              345.004E-03       -164.366E-06  
              350.005E-03       -132.373E-06  
              355.006E-03        116.366E-06  
              360.006E-03        150.037E-06  
              365.E-03           -64.3172E-06 
              370.001E-03       -160.012E-06  
              375.002E-03         -2.23722E-06
              380.002E-03        151.959E-06  
              385.003E-03         37.9532E-06 
              390.004E-03       -120.75E-06   
              395.004E-03        -70.5566E-06 
              400.005E-03         65.6483E-06 
              405.006E-03         88.2752E-06 
              410.007E-03        -22.4399E-06 
              415.E-03           -77.8651E-06 
              420.001E-03        -13.5041E-06 
              425.002E-03         42.6034E-06 
              430.002E-03         37.86E-06   
              435.003E-03         -4.2812E-06 
              440.004E-03        -44.4393E-06 
              445.004E-03        -32.9192E-06 
              450.005E-03         29.1697E-06 
              455.006E-03         59.3564E-06 
              460.007E-03          5.19846E-06
              465.E-03           -79.3221E-06 
              470.001E-03        -50.2497E-06 
              475.002E-03         83.6134E-06 
              480.002E-03         81.8654E-06 
              485.003E-03        -63.111E-06  
              490.004E-03       -117.357E-06  
              495.005E-03         23.8905E-06 
              500.005E-03        144.454E-06  
              505.006E-03          9.50267E-06
              510.007E-03       -156.457E-06  
              515.E-03           -63.4869E-06 
              520.001E-03        146.069E-06  
              525.002E-03        106.723E-06  
              530.003E-03       -121.072E-06  
              535.003E-03       -154.374E-06  
              540.004E-03         76.4333E-06 
              545.005E-03        181.661E-06  
              550.005E-03        -35.463E-06  
              555.006E-03       -188.16E-06   
              560.007E-03        -30.3283E-06 
              565.E-03           175.866E-06  
              570.001E-03         80.8375E-06 
              575.002E-03       -152.025E-06  
              580.003E-03       -120.684E-06  
              585.003E-03        104.244E-06  
              590.004E-03        139.344E-06  
              595.005E-03        -55.9837E-06 
              600.005E-03       -142.937E-06  
              605.006E-03          9.21938E-06
              610.007E-03        127.84E-06   
              615.001E-03         25.7789E-06 
              620.001E-03       -101.387E-06  
              625.002E-03        -43.3772E-06 
              630.003E-03         65.3467E-06 
              635.003E-03         53.6397E-06 
              640.004E-03        -34.8411E-06 
              645.005E-03        -45.7596E-06 
              650.005E-03         18.7501E-06 
              655.006E-03         23.8381E-06 
              660.007E-03          1.31462E-06
              665.001E-03         -3.05459E-06
              670.001E-03          2.94265E-06
              675.002E-03        -16.3413E-06 
              680.003E-03        -11.1358E-06 
              685.003E-03         33.7116E-06 
              690.004E-03         34.7323E-06 
              695.005E-03        -37.7452E-06 
              700.006E-03        -61.844E-06  
              705.006E-03         39.6232E-06 
              710.E-03            86.2646E-06 
              715.001E-03        -13.9172E-06 
              720.001E-03       -108.022E-06  
              725.002E-03        -15.7986E-06 
              730.003E-03        123.723E-06  
              735.004E-03         50.8043E-06 
              740.004E-03       -117.8E-06    
              745.005E-03        -91.2949E-06 
              750.006E-03        100.798E-06  
              755.006E-03        125.912E-06  
              760.E-03           -66.4583E-06 
              765.001E-03       -150.396E-06  
              770.001E-03         23.8315E-06 
              775.002E-03        161.027E-06  
              780.003E-03         16.8723E-06 
              785.004E-03       -148.299E-06  
              790.004E-03        -61.2899E-06 
              795.005E-03        127.745E-06  
              800.006E-03         93.9411E-06 
              805.006E-03        -97.6096E-06 
              810.E-03          -109.76E-06   
              815.001E-03         57.8146E-06 
              820.002E-03        116.591E-06  
              825.002E-03        -22.5681E-06 
              830.003E-03       -106.29E-06   
              835.004E-03         -5.22819E-06
              840.004E-03         89.3415E-06 
              845.005E-03         27.5613E-06 
              850.006E-03        -66.2057E-06 
              855.007E-03        -30.528E-06  
              860.E-03            39.766E-06  
              865.001E-03         32.5048E-06 
              870.002E-03        -19.5302E-06 
              875.002E-03        -17.2143E-06 
              880.003E-03         11.7876E-06 
              885.004E-03         -3.01346E-06
              890.004E-03         -3.9542E-06 
              895.005E-03         21.1726E-06 
              900.006E-03         19.9634E-06 
              905.007E-03        -36.8883E-06 
              910.E-03           -37.6474E-06 
              915.001E-03         43.7496E-06 
              920.002E-03         66.494E-06  
              925.002E-03        -36.6606E-06 
              930.003E-03        -94.2547E-06 
              935.004E-03         19.8371E-06 
              940.005E-03        114.254E-06  
              945.005E-03         13.7892E-06 
              950.006E-03       -126.877E-06  
              955.007E-03        -53.3449E-06 
              960.E-03           124.753E-06  
              965.001E-03         90.6946E-06 
              970.002E-03       -106.18E-06   
              975.002E-03       -128.019E-06  
              980.003E-03         72.6015E-06 
              985.004E-03        151.935E-06  
              990.005E-03        -35.4562E-06 
              995.005E-03       -163.675E-06  
                1.               -14.5699E-06 




