
                  X               _temp_1     

                0.                 0.         
                5.00123E-03      -21.7521E-03 
               10.0051E-03       171.016E-03  
               15.0044E-03      -283.407E-03  
               20.0039E-03        -2.94108E-03
               25.0021E-03       273.962E-03  
               30.0042E-03        40.1441E-03 
               35.0035E-03       -35.9252E-03 
               40.0068E-03      -331.252E-03  
               45.0063E-03      -152.385E-03  
               50.0058E-03       338.942E-03  
               55.0047E-03       238.994E-03  
               60.0001E-03      -259.62E-03   
               65.0004E-03      -199.067E-03  
               70.0029E-03      -221.781E-03  
               75.0012E-03       450.852E-03  
               80.0007E-03       295.819E-03  
               85.0065E-03      -372.914E-03  
               90.004E-03       -153.533E-03  
               95.0051E-03      -116.416E-03  
              100.E-03           408.613E-03  
              105.005E-03        134.882E-03  
              110.005E-03       -377.074E-03  
              115.004E-03       -190.646E-03  
              120.002E-03         81.6497E-03 
              125.004E-03        328.696E-03  
              130.004E-03         14.3833E-03 
              135.001E-03       -347.681E-03  
              140.002E-03       -151.559E-03  
              145.003E-03        239.917E-03  
              150.002E-03        174.064E-03  
              155.002E-03        -80.9696E-03 
              160.003E-03       -300.794E-03  
              165.E-03            11.4971E-03 
              170.006E-03        345.819E-03  
              175.002E-03        -87.7867E-03 
              180.002E-03       -215.51E-03   
              185.005E-03        -90.3394E-03 
              190.006E-03        181.309E-03  
              195.001E-03        349.251E-03  
              200.006E-03       -335.373E-03  
              205.001E-03       -405.588E-03  
              210.002E-03         64.3213E-03 
              215.006E-03        358.274E-03  
              220.007E-03        203.134E-03  
              225.E-03          -388.379E-03  
              230.005E-03       -481.589E-03  
              235.006E-03        217.542E-03  
              240.001E-03        530.762E-03  
              245.001E-03          6.20019E-03
              250.001E-03       -321.849E-03  
              255.002E-03       -349.138E-03  
              260.003E-03        325.306E-03  
              265.003E-03        428.086E-03  
              270.004E-03       -223.273E-03  
              275.005E-03       -349.119E-03  
              280.006E-03        -49.8954E-03 
              285.006E-03        350.704E-03  
              290.007E-03        164.842E-03  
              295.001E-03       -390.275E-03  
              300.001E-03       -276.185E-03  
              305.002E-03        218.226E-03  
              310.003E-03        373.273E-03  
              315.003E-03        -90.0466E-03 
              320.004E-03       -423.844E-03  
              325.005E-03        -82.2499E-03 
              330.006E-03        396.34E-03   
              335.006E-03        229.974E-03  
              340.E-03          -293.099E-03  
              345.001E-03       -312.626E-03  
              350.001E-03        161.674E-03  
              355.002E-03        430.428E-03  
              360.003E-03        -58.6826E-03 
              365.004E-03       -457.077E-03  
              370.004E-03       -129.319E-03  
              375.005E-03        368.366E-03  
              380.006E-03        338.528E-03  
              385.006E-03       -310.439E-03  
              390.E-03          -491.819E-03  
              395.001E-03         66.3764E-03 
              400.001E-03        498.505E-03  
              405.002E-03        176.11E-03   
              410.003E-03       -376.621E-03  
              415.004E-03       -332.633E-03  
              420.004E-03        232.856E-03  
              425.005E-03        453.721E-03  
              430.006E-03        -48.7449E-03 
              435.006E-03       -363.298E-03  
              440.E-03           -76.3744E-03 
              445.001E-03        287.871E-03  
              450.002E-03        232.542E-03  
              455.002E-03       -291.517E-03  
              460.003E-03       -298.892E-03  
              465.004E-03        183.909E-03  
              470.004E-03        313.545E-03  
              475.005E-03         -1.57208E-03
              480.006E-03       -383.419E-03  
              485.007E-03       -126.285E-03  
              490.E-03           322.904E-03  
              495.001E-03        305.234E-03  
              500.002E-03       -196.921E-03  
              505.002E-03       -297.234E-03  
              510.003E-03         44.3177E-03 
              515.004E-03        320.059E-03  
              520.004E-03        148.859E-03  
              525.005E-03       -325.729E-03  
              530.006E-03       -177.945E-03  
              535.007E-03        220.071E-03  
              540.E-03           252.88E-03   
              545.001E-03        -66.5294E-03 
              550.002E-03       -364.02E-03   
              555.002E-03        -47.447E-03  
              560.003E-03        327.067E-03  
              565.004E-03        207.725E-03  
              570.005E-03       -217.374E-03  
              575.005E-03       -271.7E-03    
              580.006E-03         46.8753E-03 
              585.007E-03        306.807E-03  
              590.E-03           139.882E-03  
              595.001E-03       -249.118E-03  
              600.002E-03       -127.744E-03  
              605.002E-03         91.0388E-03 
              610.003E-03        221.147E-03  
              615.004E-03        -26.0995E-03 
              620.005E-03       -219.767E-03  
              625.005E-03         17.9413E-03 
              630.006E-03        149.732E-03  
              635.007E-03        114.132E-03  
              640.E-03          -195.517E-03  
              645.001E-03       -168.284E-03  
              650.002E-03        119.457E-03  
              655.003E-03        213.034E-03  
              660.003E-03         30.9496E-03 
              665.004E-03       -231.193E-03  
              670.005E-03       -118.238E-03  
              675.005E-03        136.765E-03  
              680.006E-03        232.993E-03  
              685.007E-03        -67.9733E-03 
              690.E-03          -187.342E-03  
              695.001E-03        -54.8736E-03 
              700.002E-03        149.608E-03  
              705.003E-03        167.683E-03  
              710.003E-03       -169.358E-03  
              715.004E-03       -155.496E-03  
              720.005E-03         70.2186E-03 
              725.005E-03        191.238E-03  
              730.006E-03         44.1104E-03 
              735.007E-03       -233.17E-03   
              740.001E-03       -146.132E-03  
              745.001E-03        135.089E-03  
              750.002E-03        254.009E-03  
              755.003E-03        -62.7932E-03 
              760.003E-03       -224.743E-03  
              765.004E-03       -122.437E-03  
              770.005E-03        176.387E-03  
              775.005E-03        226.154E-03  
              780.006E-03       -118.28E-03   
              785.007E-03       -180.641E-03  
              790.001E-03        -13.3088E-03 
              795.001E-03        200.289E-03  
              800.002E-03         58.6423E-03 
              805.003E-03       -183.308E-03  
              810.003E-03       -113.477E-03  
              815.004E-03        130.15E-03   
              820.005E-03        202.699E-03  
              825.006E-03       -124.701E-03  
              830.006E-03       -246.312E-03  
              835.E-03           -38.4994E-03 
              840.001E-03        240.056E-03  
              845.001E-03        176.717E-03  
              850.002E-03       -210.575E-03  
              855.003E-03       -245.065E-03  
              860.004E-03         63.9649E-03 
              865.004E-03        287.784E-03  
              870.005E-03         47.7651E-03 
              875.006E-03       -228.796E-03  
              880.006E-03       -141.83E-03   
              885.E-03           180.498E-03  
              890.001E-03        219.082E-03  
              895.001E-03       -140.911E-03  
              900.002E-03       -253.375E-03  
              905.003E-03          5.34089E-03
              910.004E-03        280.594E-03  
              915.004E-03         98.159E-03  
              920.005E-03       -275.963E-03  
              925.006E-03       -229.844E-03  
              930.006E-03        131.279E-03  
              935.E-03           327.163E-03  
              940.001E-03        -11.5306E-03 
              945.002E-03       -287.022E-03  
              950.002E-03       -116.416E-03  
              955.003E-03        213.896E-03  
              960.004E-03        231.466E-03  
              965.004E-03       -131.403E-03  
              970.005E-03       -232.078E-03  
              975.006E-03         60.3247E-03 
              980.007E-03        235.309E-03  
              985.E-03            24.7811E-03 
              990.001E-03       -258.47E-03   
              995.002E-03       -140.431E-03  
                1.               203.893E-03  




