
                  X               _temp_2     

                0.                 0.         
                5.00433E-03      130.788E-06  
               10.0028E-03        25.3379E-06 
               15.0058E-03      -179.317E-06  
               20.0007E-03      -215.024E-06  
               25.0061E-03       -91.1389E-06 
               30.0041E-03       271.616E-06  
               35.0006E-03       360.609E-06  
               40.0062E-03       -46.7066E-06 
               45.0035E-03      -355.205E-06  
               50.0047E-03      -318.185E-06  
               55.0028E-03        27.3786E-06 
               60.001E-03        355.085E-06  
               65.0049E-03       170.38E-06   
               70.003E-03        -89.0524E-06 
               75.0009E-03      -174.798E-06  
               80.0029E-03      -155.844E-06  
               85.0066E-03        17.6035E-06 
               90.0053E-03        93.2986E-06 
               95.002E-03        145.689E-06  
              100.006E-03        201.035E-06  
              105.005E-03        -41.0466E-06 
              110.001E-03       -282.25E-06   
              115.003E-03       -251.219E-06  
              120.002E-03         28.0566E-06 
              125.006E-03        373.892E-06  
              130.001E-03        271.498E-06  
              135.002E-03       -169.395E-06  
              140.003E-03       -354.563E-06  
              145.004E-03       -208.267E-06  
              150.001E-03        156.648E-06  
              155.007E-03        321.479E-06  
              160.003E-03         83.9847E-06 
              165.002E-03        -91.1384E-06 
              170.007E-03       -171.504E-06  
              175.E-03          -129.753E-06  
              180.004E-03          6.93043E-06
              185.005E-03         82.4504E-06 
              190.E-03           187.784E-06  
              195.005E-03        166.421E-06  
              200.004E-03       -104.182E-06  
              205.004E-03       -289.031E-06  
              210.005E-03       -193.378E-06  
              215.007E-03        110.029E-06  
              220.003E-03        355.725E-06  
              225.005E-03        150.088E-06  
              230.006E-03       -203.091E-06  
              235.007E-03       -311.537E-06  
              240.001E-03       -146.972E-06  
              245.007E-03        166.883E-06  
              250.004E-03        248.606E-06  
              255.004E-03         90.7906E-06 
              260.005E-03        -45.0213E-06 
              265.006E-03       -159.568E-06  
              270.007E-03       -153.188E-06  
              275.E-03           -23.4276E-06 
              280.001E-03        124.06E-06   
              285.002E-03        246.249E-06  
              290.002E-03        133.643E-06  
              295.003E-03       -186.954E-06  
              300.004E-03       -310.761E-06  
              305.005E-03       -132.988E-06  
              310.005E-03        199.66E-06   
              315.006E-03        357.895E-06  
              320.007E-03         83.5657E-06 
              325.E-03          -224.926E-06  
              330.001E-03       -292.465E-06  
              335.002E-03        -92.0513E-06 
              340.002E-03        193.205E-06  
              345.003E-03        231.609E-06  
              350.004E-03         85.2914E-06 
              355.005E-03        -72.3782E-06 
              360.005E-03       -182.603E-06  
              365.006E-03       -146.712E-06  
              370.007E-03         14.823E-06  
              375.E-03           174.996E-06  
              380.001E-03        240.14E-06   
              385.002E-03         58.7305E-06 
              390.003E-03       -231.304E-06  
              395.003E-03       -284.522E-06  
              400.004E-03        -69.7028E-06 
              405.005E-03        233.246E-06  
              410.005E-03        301.003E-06  
              415.006E-03         24.3709E-06 
              420.007E-03       -235.484E-06  
              425.E-03          -257.998E-06  
              430.001E-03        -43.0466E-06 
              435.002E-03        191.907E-06  
              440.003E-03        207.657E-06  
              445.003E-03         72.6217E-06 
              450.004E-03        -76.9794E-06 
              455.005E-03       -187.558E-06  
              460.005E-03       -148.366E-06  
              465.006E-03         23.0415E-06 
              470.007E-03        198.159E-06  
              475.001E-03        249.373E-06  
              480.001E-03         18.0735E-06 
              485.002E-03       -265.111E-06  
              490.003E-03       -281.046E-06  
              495.003E-03        -21.3367E-06 
              500.004E-03        289.909E-06  
              505.005E-03        281.467E-06  
              510.006E-03        -28.4127E-06 
              515.006E-03       -269.52E-06   
              520.007E-03       -236.319E-06  
              525.001E-03         11.7721E-06 
              530.001E-03        209.518E-06  
              535.002E-03        188.647E-06  
              540.003E-03         52.0932E-06 
              545.003E-03        -91.504E-06  
              550.004E-03       -191.86E-06   
              555.005E-03       -136.803E-06  
              560.006E-03         47.5927E-06 
              565.006E-03        232.764E-06  
              570.E-03           235.754E-06  
              575.001E-03        -50.3371E-06 
              580.001E-03       -310.124E-06  
              585.002E-03       -257.095E-06  
              590.003E-03         56.6669E-06 
              595.004E-03        319.679E-06  
              600.004E-03        217.08E-06   
              605.005E-03        -97.433E-06  
              610.006E-03       -264.871E-06  
              615.006E-03       -172.69E-06   
              620.E-03            50.2563E-06 
              625.001E-03        183.178E-06  
              630.001E-03        152.785E-06  
              635.002E-03         58.5786E-06 
              640.003E-03        -88.6955E-06 
              645.004E-03       -210.732E-06  
              650.004E-03       -151.184E-06  
              655.005E-03         71.2521E-06 
              660.006E-03        285.105E-06  
              665.006E-03        218.658E-06  
              670.E-03          -123.981E-06  
              675.001E-03       -347.153E-06  
              680.002E-03       -212.528E-06  
              685.002E-03        141.444E-06  
              690.003E-03        324.997E-06  
              695.004E-03        147.018E-06  
              700.004E-03       -139.28E-06   
              705.005E-03       -240.318E-06  
              710.006E-03       -124.638E-06  
              715.007E-03         59.5088E-06 
              720.E-03           164.125E-06  
              725.001E-03        162.47E-06   
              730.002E-03         71.5162E-06 
              735.002E-03       -122.101E-06  
              740.003E-03       -252.562E-06  
              745.004E-03       -140.99E-06   
              750.004E-03        143.027E-06  
              755.005E-03        324.493E-06  
              760.006E-03        147.372E-06  
              765.007E-03       -214.073E-06  
              770.E-03          -344.5E-06    
              775.001E-03       -123.072E-06  
              780.002E-03        206.273E-06  
              785.002E-03        282.762E-06  
              790.003E-03         73.9427E-06 
              795.004E-03       -143.034E-06  
              800.005E-03       -197.805E-06  
              805.005E-03       -101.044E-06  
              810.006E-03         43.4183E-06 
              815.007E-03        154.944E-06  
              820.E-03           188.002E-06  
              825.001E-03         65.5457E-06 
              830.002E-03       -177.187E-06  
              835.003E-03       -281.73E-06   
              840.003E-03        -98.4436E-06 
              845.004E-03        218.448E-06  
              850.005E-03        323.145E-06  
              855.005E-03         61.5218E-06 
              860.006E-03       -264.531E-06  
              865.007E-03       -304.972E-06  
              870.E-03           -44.9279E-06 
              875.001E-03        224.387E-06  
              880.002E-03        234.468E-06  
              885.003E-03         46.805E-06  
              890.003E-03       -127.192E-06  
              895.004E-03       -182.503E-06  
              900.005E-03       -109.943E-06  
              905.005E-03         41.1183E-06 
              910.006E-03        191.381E-06  
              915.007E-03        213.177E-06  
              920.E-03            19.6659E-06 
              925.001E-03       -245.571E-06  
              930.002E-03       -279.981E-06  
              935.003E-03        -20.8837E-06 
              940.003E-03        278.485E-06  
              945.004E-03        282.03E-06   
              950.005E-03        -21.6431E-06 
              955.005E-03       -281.304E-06  
              960.006E-03       -248.274E-06  
              965.007E-03         14.7375E-06 
              970.001E-03        219.576E-06  
              975.001E-03        197.441E-06  
              980.002E-03         36.7376E-06 
              985.003E-03       -123.284E-06  
              990.003E-03       -188.106E-06  
              995.004E-03       -115.364E-06  
                1.                63.1549E-06 




