
                  X               _temp_1     

                0.                 0.         
                5.00433E-03      235.138E-03  
               10.0028E-03       242.419E-03  
               15.0058E-03      -324.227E-03  
               20.0007E-03      -325.231E-03  
               25.0061E-03       299.679E-03  
               30.0041E-03       131.455E-03  
               35.0006E-03       134.098E-03  
               40.0062E-03      -294.487E-03  
               45.0035E-03      -240.876E-03  
               50.0047E-03       383.906E-03  
               55.0028E-03       189.186E-03  
               60.001E-03        -11.3156E-03 
               65.0049E-03      -112.699E-03  
               70.003E-03       -114.709E-03  
               75.0009E-03       216.24E-03   
               80.0029E-03        72.5224E-03 
               85.0066E-03      -239.432E-03  
               90.0053E-03        45.3396E-03 
               95.002E-03        131.024E-03  
              100.006E-03         84.6189E-03 
              105.005E-03        -51.7558E-03 
              110.001E-03       -346.332E-03  
              115.003E-03        104.551E-03  
              120.002E-03        333.263E-03  
              125.006E-03         -8.8422E-03 
              130.001E-03       -173.867E-03  
              135.002E-03       -356.22E-03   
              140.003E-03         70.8514E-03 
              145.004E-03        379.462E-03  
              150.001E-03         33.4919E-03 
              155.007E-03       -179.293E-03  
              160.003E-03       -134.072E-03  
              165.002E-03         55.3323E-03 
              170.007E-03        272.95E-03   
              175.E-03           -39.1705E-03 
              180.004E-03       -239.079E-03  
              185.005E-03         30.1178E-03 
              190.E-03            29.7625E-03 
              195.005E-03         97.8905E-03 
              200.004E-03       -128.504E-03  
              205.004E-03       -190.583E-03  
              210.005E-03        166.696E-03  
              215.007E-03        160.248E-03  
              220.003E-03        111.367E-06  
              225.005E-03       -104.608E-03  
              230.006E-03       -128.205E-03  
              235.007E-03        113.968E-03  
              240.001E-03        153.03E-03   
              245.007E-03        -96.1491E-03 
              250.004E-03        -52.6058E-03 
              255.004E-03         15.3146E-03 
              260.005E-03         69.3383E-03 
              265.006E-03         95.5408E-03 
              270.007E-03       -143.01E-03   
              275.E-03           -29.548E-03  
              280.001E-03        184.527E-03  
              285.002E-03         54.7013E-03 
              290.002E-03        -28.2269E-03 
              295.003E-03       -224.611E-03  
              300.004E-03        -87.8703E-03 
              305.005E-03        213.479E-03  
              310.005E-03        118.325E-03  
              315.006E-03        -60.4561E-03 
              320.007E-03       -137.395E-03  
              325.E-03           -89.4637E-03 
              330.001E-03        153.023E-03  
              335.002E-03        156.146E-03  
              340.002E-03        -56.6683E-03 
              345.003E-03        -44.7856E-03 
              350.004E-03        -71.8781E-03 
              355.005E-03         21.6431E-03 
              360.005E-03         52.3348E-03 
              365.006E-03        -78.7805E-03 
              370.007E-03          5.78455E-03
              375.E-03            54.9757E-03 
              380.001E-03         -6.80653E-03
              385.002E-03        -24.9179E-03 
              390.003E-03        -90.5275E-03 
              395.003E-03         -9.11089E-03
              400.004E-03        120.959E-03  
              405.005E-03         33.1361E-03 
              410.005E-03        -59.5468E-03 
              415.006E-03        -75.1664E-03 
              420.007E-03        -57.7351E-03 
              425.E-03           104.59E-03   
              430.001E-03         73.5766E-03 
              435.002E-03        -51.4536E-03 
              440.003E-03          2.26922E-03
              445.003E-03        -12.7616E-03 
              450.004E-03         58.8157E-03 
              455.005E-03          1.4054E-03 
              460.005E-03        -92.8148E-03 
              465.006E-03         25.4068E-03 
              470.007E-03         87.7019E-03 
              475.001E-03         34.9923E-03 
              480.001E-03        -80.0296E-03 
              485.002E-03       -150.775E-03  
              490.003E-03       -166.617E-06  
              495.003E-03        176.997E-03  
              500.004E-03         90.1039E-03 
              505.005E-03        -72.4265E-03 
              510.006E-03       -148.738E-03  
              515.006E-03        -35.9585E-03 
              520.007E-03        159.709E-03  
              525.001E-03         87.6906E-03 
              530.001E-03        -66.2582E-03 
              535.002E-03        -75.4639E-03 
              540.003E-03        -13.5715E-03 
              545.003E-03         66.1669E-03 
              550.004E-03        -10.1517E-03 
              555.005E-03        -81.0443E-03 
              560.006E-03         23.511E-03  
              565.006E-03         92.4857E-03 
              570.E-03           941.607E-06  
              575.001E-03       -114.013E-03  
              580.001E-03       -126.705E-03  
              585.002E-03         57.7662E-03 
              590.003E-03        181.315E-03  
              595.004E-03         -3.7166E-03 
              600.004E-03       -132.671E-03  
              605.005E-03       -104.479E-03  
              610.006E-03         73.6098E-03 
              615.006E-03        162.354E-03  
              620.E-03           -17.0314E-03 
              625.001E-03       -104.796E-03  
              630.001E-03          1.06233E-03
              635.002E-03         86.3227E-03 
              640.003E-03         26.3973E-03 
              645.004E-03       -117.918E-03  
              650.004E-03        -96.2266E-03 
              655.005E-03        112.029E-03  
              660.006E-03        145.994E-03  
              665.006E-03        -60.5483E-03 
              670.E-03          -185.459E-03  
              675.001E-03        -82.033E-03  
              680.002E-03        160.482E-03  
              685.002E-03        190.577E-03  
              690.003E-03        -67.5881E-03 
              695.004E-03       -162.281E-03  
              700.004E-03        -37.0243E-03 
              705.005E-03        120.274E-03  
              710.006E-03        101.848E-03  
              715.007E-03        -75.7721E-03 
              720.E-03           -75.1407E-03 
              725.001E-03         68.8922E-03 
              730.002E-03         58.5669E-03 
              735.002E-03        -66.715E-03  
              740.003E-03       -126.754E-03  
              745.004E-03          2.91334E-03
              750.004E-03        177.42E-03   
              755.005E-03         51.6346E-03 
              760.006E-03       -166.952E-03  
              765.007E-03       -153.517E-03  
              770.E-03            42.2127E-03 
              775.001E-03        204.999E-03  
              780.002E-03         64.9022E-03 
              785.002E-03       -151.755E-03  
              790.003E-03        -92.3565E-03 
              795.004E-03         73.053E-03  
              800.005E-03        117.32E-03   
              805.005E-03        -12.822E-03  
              810.006E-03       -113.566E-03  
              815.007E-03         16.7429E-03 
              820.E-03           118.571E-03  
              825.001E-03         -1.96471E-03
              830.002E-03       -143.996E-03  
              835.003E-03        -97.2676E-03 
              840.003E-03        100.535E-03  
              845.004E-03        181.248E-03  
              850.005E-03        -31.8575E-03 
              855.005E-03       -182.489E-03  
              860.006E-03        -71.1478E-03 
              865.007E-03        112.091E-03  
              870.E-03           164.379E-03  
              875.001E-03        -18.7961E-03 
              880.002E-03       -125.365E-03  
              885.003E-03         -5.57981E-03
              890.003E-03         71.9434E-03 
              895.004E-03         34.0214E-03 
              900.005E-03        -60.7057E-03 
              905.005E-03        -41.9722E-03 
              910.006E-03         96.3967E-03 
              915.007E-03         64.3103E-03 
              920.E-03           -99.975E-03  
              925.001E-03       -136.442E-03  
              930.002E-03        882.42E-06   
              935.003E-03        157.667E-03  
              940.003E-03         99.41E-03   
              945.004E-03       -122.746E-03  
              950.005E-03       -141.835E-03  
              955.005E-03         13.9552E-03 
              960.006E-03        133.227E-03  
              965.007E-03         87.3715E-03 
              970.001E-03        -74.0769E-03 
              975.001E-03        -71.3121E-03 
              980.002E-03         38.6305E-03 
              985.003E-03         47.7054E-03 
              990.003E-03        -24.7595E-03 
              995.004E-03        -62.635E-03  
                1.                17.3278E-03 




