
                  X               _temp_1     

                0.                 0.         
                5.00433E-03      125.059E-06  
               10.0028E-03        33.905E-06  
               15.0058E-03      -137.743E-06  
               20.0007E-03      -146.867E-06  
               25.0061E-03       -99.0979E-06 
               30.0041E-03       182.249E-06  
               35.0006E-03       284.16E-06   
               40.0062E-03       -55.0516E-06 
               45.0035E-03      -285.59E-06   
               50.0047E-03      -235.279E-06  
               55.0028E-03        64.046E-06  
               60.001E-03        334.807E-06  
               65.0049E-03        98.7305E-06 
               70.003E-03       -179.731E-06  
               75.0009E-03      -179.052E-06  
               80.0029E-03       -45.7804E-06 
               85.0066E-03       126.5E-06    
               90.0053E-03        46.528E-06  
               95.002E-03        -77.8264E-06 
              100.006E-03         73.98E-06   
              105.005E-03         73.249E-06  
              110.001E-03        -39.9905E-06 
              115.003E-03       -169.234E-06  
              120.002E-03       -145.745E-06  
              125.006E-03        208.971E-06  
              130.001E-03        283.069E-06  
              135.002E-03        -48.4255E-06 
              140.003E-03       -303.007E-06  
              145.004E-03       -262.204E-06  
              150.001E-03        107.323E-06  
              155.007E-03        330.866E-06  
              160.003E-03         37.7145E-06 
              165.002E-03       -161.797E-06  
              170.007E-03       -133.11E-06   
              175.E-03          -422.922E-09  
              180.004E-03        112.345E-06  
              185.005E-03        -24.6155E-06 
              190.E-03           -16.613E-06  
              195.005E-03        164.006E-06  
              200.004E-03         76.6319E-06 
              205.004E-03       -144.251E-06  
              210.005E-03       -267.814E-06  
              215.007E-03        -48.3777E-06 
              220.003E-03        361.007E-06  
              225.005E-03        268.805E-06  
              230.006E-03       -184.669E-06  
              235.007E-03       -392.779E-06  
              240.001E-03       -150.099E-06  
              245.007E-03        284.478E-06  
              250.004E-03        298.348E-06  
              255.004E-03        -95.654E-06  
              260.005E-03       -204.91E-06   
              265.006E-03        -58.4603E-06 
              270.007E-03        103.849E-06  
              275.E-03            77.8398E-06 
              280.001E-03       -106.526E-06  
              285.002E-03         44.2701E-06 
              290.002E-03        217.204E-06  
              295.003E-03         37.6902E-06 
              300.004E-03       -227.375E-06  
              305.005E-03       -276.234E-06  
              310.005E-03         84.8178E-06 
              315.006E-03        400.074E-06  
              320.007E-03        106.672E-06  
              325.E-03          -299.617E-06  
              330.001E-03       -311.387E-06  
              335.002E-03         18.2279E-06 
              340.002E-03        304.688E-06  
              345.003E-03        117.317E-06  
              350.004E-03       -155.189E-06  
              355.005E-03        -56.3428E-06 
              360.005E-03         65.903E-06  
              365.006E-03         42.8804E-06 
              370.007E-03       -103.897E-06  
              375.E-03           -96.5689E-06 
              380.001E-03        223.318E-06  
              385.002E-03        255.845E-06  
              390.003E-03       -110.673E-06  
              395.003E-03       -369.777E-06  
              400.004E-03       -182.994E-06  
              405.005E-03        288.183E-06  
              410.005E-03        380.723E-06  
              415.006E-03        -66.3017E-06 
              420.007E-03       -352.72E-06   
              425.E-03          -189.29E-06   
              430.001E-03        151.542E-06  
              435.002E-03        247.704E-06  
              440.003E-03        -14.0454E-06 
              445.003E-03       -100.804E-06  
              450.004E-03         46.7505E-06 
              455.005E-03         53.1758E-06 
              460.005E-03        -61.968E-06  
              465.006E-03       -152.622E-06  
              470.007E-03         43.8557E-06 
              475.001E-03        308.364E-06  
              480.001E-03        116.015E-06  
              485.002E-03       -265.678E-06  
              490.003E-03       -336.934E-06  
              495.003E-03         -3.29242E-06
              500.004E-03        349.877E-06  
              505.005E-03        207.444E-06  
              510.006E-03       -189.688E-06  
              515.006E-03       -250.46E-06   
              520.007E-03        -32.5159E-06 
              525.001E-03        159.234E-06  
              530.001E-03         97.9224E-06 
              535.002E-03        -64.7513E-06 
              540.003E-03         25.8001E-06 
              545.003E-03        105.09E-06   
              550.004E-03        -32.1328E-06 
              555.005E-03       -183.276E-06  
              560.006E-03       -123.268E-06  
              565.006E-03        190.352E-06  
              570.E-03           306.161E-06  
              575.001E-03        -20.2717E-06 
              580.001E-03       -332.903E-06  
              585.002E-03       -248.569E-06  
              590.003E-03        124.032E-06  
              595.004E-03        322.434E-06  
              600.004E-03         84.8785E-06 
              605.005E-03       -190.004E-06  
              610.006E-03       -161.86E-06   
              615.006E-03        893.699E-09  
              620.E-03           102.256E-06  
              625.001E-03         35.6845E-06 
              630.001E-03       -903.07E-09   
              635.002E-03        101.445E-06  
              640.003E-03         41.2916E-06 
              645.004E-03       -133.764E-06  
              650.004E-03       -192.04E-06   
              655.005E-03        -10.6104E-06 
              660.006E-03        263.047E-06  
              665.006E-03        206.442E-06  
              670.E-03          -139.994E-06  
              675.001E-03       -313.199E-06  
              680.002E-03       -131.178E-06  
              685.002E-03        182.653E-06  
              690.003E-03        244.795E-06  
              695.004E-03          3.0569E-06 
              700.004E-03       -155.18E-06   
              705.005E-03        -99.57E-06   
              710.006E-03          6.87822E-06
              715.007E-03         48.5133E-06 
              720.E-03             8.47468E-06
              725.001E-03         52.3467E-06 
              730.002E-03        115.119E-06  
              735.002E-03        -11.5518E-06 
              740.003E-03       -178.222E-06  
              745.004E-03       -173.266E-06  
              750.004E-03         64.9061E-06 
              755.005E-03        277.423E-06  
              760.006E-03        135.729E-06  
              765.007E-03       -185.516E-06  
              770.E-03          -283.306E-06  
              775.001E-03        -72.6924E-06 
              780.002E-03        200.07E-06   
              785.002E-03        199.875E-06  
              790.003E-03        -24.0238E-06 
              795.004E-03       -127.783E-06  
              800.005E-03        -87.7184E-06 
              805.005E-03         -2.06519E-06
              810.006E-03         31.7247E-06 
              815.007E-03         19.8438E-06 
              820.E-03            97.5034E-06 
              825.001E-03        103.885E-06  
              830.002E-03        -65.9583E-06 
              835.003E-03       -205.783E-06  
              840.003E-03       -136.817E-06  
              845.004E-03        135.784E-06  
              850.005E-03        280.746E-06  
              855.005E-03         61.2988E-06 
              860.006E-03       -235.53E-06   
              865.007E-03       -251.993E-06  
              870.E-03             1.33637E-06
              875.001E-03        224.742E-06  
              880.002E-03        143.55E-06   
              885.003E-03        -65.3669E-06 
              890.003E-03       -109.609E-06  
              895.004E-03        -50.8658E-06 
              900.005E-03          8.82174E-06
              905.005E-03         -1.82051E-06
              910.006E-03         18.3375E-06 
              915.007E-03        135.051E-06  
              920.E-03           102.761E-06  
              925.001E-03       -107.004E-06  
              930.002E-03       -238.2E-06    
              935.003E-03       -101.712E-06  
              940.003E-03        205.998E-06  
              945.004E-03        272.142E-06  
              950.005E-03        -19.5054E-06 
              955.005E-03       -271.537E-06  
              960.006E-03       -204.267E-06  
              965.007E-03         76.0788E-06 
              970.001E-03        223.048E-06  
              975.001E-03         73.1373E-06 
              980.002E-03        -74.2656E-06 
              985.003E-03        -63.1541E-06 
              990.003E-03        -23.2972E-06 
              995.004E-03        -17.212E-06  
                1.               -41.7713E-06 




