
                  X               _temp_1     

                0.                 0.         
                5.00123E-03       84.3905E-06 
               10.0051E-03       100.152E-06  
               15.0044E-03       -93.9329E-06 
               20.0039E-03      -190.204E-06  
               25.0021E-03       -89.0206E-06 
               30.0042E-03       194.6E-06    
               35.0035E-03       352.203E-06  
               40.0068E-03       -51.1423E-06 
               45.0063E-03      -301.849E-06  
               50.0058E-03      -236.149E-06  
               55.0047E-03       121.573E-06  
               60.0001E-03       365.205E-06  
               65.0004E-03        74.9017E-06 
               70.0029E-03      -186.061E-06  
               75.0012E-03      -174.133E-06  
               80.0007E-03        59.3871E-06 
               85.0065E-03       118.484E-06  
               90.004E-03       -532.091E-09  
               95.0051E-03       -58.5094E-06 
              100.E-03            99.163E-06  
              105.005E-03        145.679E-06  
              110.005E-03        -81.0869E-06 
              115.004E-03       -226.576E-06  
              120.002E-03       -112.844E-06  
              125.004E-03        278.877E-06  
              130.004E-03        294.803E-06  
              135.001E-03        -77.0678E-06 
              140.002E-03       -332.966E-06  
              145.003E-03       -222.917E-06  
              150.002E-03        197.217E-06  
              155.002E-03        283.757E-06  
              160.003E-03          1.98875E-06
              165.E-03          -179.933E-06  
              170.006E-03        -89.4826E-06 
              175.002E-03         71.6042E-06 
              180.002E-03         31.5016E-06 
              185.005E-03        -72.6815E-06 
              190.006E-03         18.5468E-06 
              195.001E-03        218.618E-06  
              200.006E-03         79.59E-06   
              205.001E-03       -222.626E-06  
              210.002E-03       -300.196E-06  
              215.006E-03         10.9594E-06 
              220.007E-03        420.958E-06  
              225.E-03           198.908E-06  
              230.005E-03       -241.711E-06  
              235.006E-03       -386.185E-06  
              240.001E-03        -72.0033E-06 
              245.001E-03        318.807E-06  
              250.001E-03        196.086E-06  
              255.002E-03       -122.621E-06  
              260.003E-03       -170.001E-06  
              265.003E-03         14.9633E-06 
              270.004E-03         83.3055E-06 
              275.005E-03        -52.9091E-06 
              280.006E-03       -119.813E-06  
              285.006E-03        126.488E-06  
              290.007E-03        252.215E-06  
              295.001E-03        -36.038E-06  
              300.001E-03       -326.082E-06  
              305.002E-03       -251.418E-06  
              310.003E-03        191.644E-06  
              315.003E-03        392.82E-06   
              320.004E-03          3.36321E-06
              325.005E-03       -336.833E-06  
              330.006E-03       -249.444E-06  
              335.006E-03        115.31E-06   
              340.E-03           237.467E-06  
              345.001E-03          3.02601E-06
              350.001E-03       -128.464E-06  
              355.002E-03         15.3149E-06 
              360.003E-03        103.841E-06  
              365.004E-03        -73.0181E-06 
              370.004E-03       -207.796E-06  
              375.005E-03        -18.3559E-06 
              380.006E-03        312.645E-06  
              385.006E-03        203.016E-06  
              390.E-03          -235.172E-06  
              395.001E-03       -404.348E-06  
              400.001E-03        -84.1075E-06 
              405.002E-03        366.004E-06  
              410.003E-03        268.241E-06  
              415.004E-03       -157.865E-06  
              420.004E-03       -305.808E-06  
              425.005E-03        -85.9947E-06 
              430.006E-03        178.719E-06  
              435.006E-03        105.44E-06   
              440.E-03           -76.3834E-06 
              445.001E-03         -3.58059E-06
              450.002E-03        104.841E-06  
              455.002E-03          2.78441E-06
              460.003E-03       -206.012E-06  
              465.004E-03       -167.566E-06  
              470.004E-03        166.706E-06  
              475.005E-03        338.778E-06  
              480.006E-03         -1.45436E-06
              485.007E-03       -341.88E-06   
              490.E-03          -273.902E-06  
              495.001E-03        111.584E-06  
              500.002E-03        339.532E-06  
              505.002E-03         72.3711E-06 
              510.003E-03       -191.11E-06   
              515.004E-03       -155.472E-06  
              520.004E-03         44.2293E-06 
              525.005E-03         84.9856E-06 
              530.006E-03        -30.7297E-06 
              535.007E-03        -13.8418E-06 
              540.E-03           125.127E-06  
              545.001E-03        120.019E-06  
              550.002E-03       -143.194E-06  
              555.002E-03       -270.671E-06  
              560.003E-03        -37.1558E-06 
              565.004E-03        291.322E-06  
              570.005E-03        263.51E-06   
              575.005E-03       -133.692E-06  
              580.006E-03       -334.892E-06  
              585.007E-03       -143.15E-06   
              590.E-03           204.495E-06  
              595.001E-03        244.644E-06  
              600.002E-03          1.24624E-06
              605.002E-03       -138.848E-06  
              610.003E-03        -78.6245E-06 
              615.004E-03         38.6882E-06 
              620.005E-03         -5.82838E-06
              625.005E-03        -26.7812E-06 
              630.006E-03         81.9634E-06 
              635.007E-03        163.957E-06  
              640.E-03            17.0255E-06 
              645.001E-03       -228.134E-06  
              650.002E-03       -205.145E-06  
              655.003E-03         84.1311E-06 
              660.003E-03        324.557E-06  
              665.004E-03        133.199E-06  
              670.005E-03       -198.827E-06  
              675.005E-03       -272.106E-06  
              680.006E-03        -33.6118E-06 
              685.007E-03        214.49E-06   
              690.E-03           150.558E-06  
              695.001E-03        -30.7642E-06 
              700.002E-03        -95.7027E-06 
              705.003E-03        -10.5651E-06 
              710.003E-03         -1.01898E-06
              715.004E-03        -60.3422E-06 
              720.005E-03         -2.34065E-06
              725.005E-03        139.513E-06  
              730.006E-03        182.724E-06  
              735.007E-03        -68.5474E-06 
              740.001E-03       -271.255E-06  
              745.001E-03       -155.15E-06   
              750.002E-03        170.965E-06  
              755.003E-03        319.572E-06  
              760.003E-03         46.9142E-06 
              765.004E-03       -246.677E-06  
              770.005E-03       -227.698E-06  
              775.005E-03         49.0071E-06 
              780.006E-03        194.437E-06  
              785.007E-03         92.691E-06  
              790.001E-03        -53.4347E-06 
              795.001E-03        -45.2506E-06 
              800.002E-03         14.3566E-06 
              805.003E-03        -59.2405E-06 
              810.003E-03        -88.1781E-06 
              815.004E-03         34.8776E-06 
              820.005E-03        216.477E-06  
              825.006E-03        143.944E-06  
              830.006E-03       -171.114E-06  
              835.E-03          -299.55E-06   
              840.001E-03        -73.7777E-06 
              845.001E-03        271.317E-06  
              850.002E-03        257.586E-06  
              855.003E-03        -71.0282E-06 
              860.004E-03       -270.531E-06  
              865.004E-03       -127.439E-06  
              870.005E-03        119.077E-06  
              875.006E-03        135.706E-06  
              880.006E-03          9.23715E-06
              885.E-03           -30.8739E-06 
              890.001E-03         41.7124E-06 
              895.001E-03        158.168E-09  
              900.002E-03       -139.241E-06  
              905.003E-03       -114.058E-06  
              910.004E-03        119.316E-06  
              915.004E-03        281.876E-06  
              920.005E-03         50.0484E-06 
              925.006E-03       -276.96E-06   
              930.006E-03       -279.925E-06  
              935.E-03            52.5713E-06 
              940.001E-03        315.512E-06  
              945.002E-03        146.53E-06   
              950.002E-03       -159.584E-06  
              955.003E-03       -211.533E-06  
              960.004E-03        -19.0186E-06 
              965.004E-03        104.322E-06  
              970.005E-03         46.449E-06  
              975.006E-03         -7.5977E-06 
              980.007E-03         62.6024E-06 
              985.E-03            76.8956E-06 
              990.001E-03        -98.4863E-06 
              995.002E-03       -213.52E-06   
                1.               -50.3016E-06 




