
                  X               _temp_2     

                0.                 0.         
                5.00433E-03     -107.425E-03  
               10.0028E-03        65.8706E-03 
               15.0058E-03       -72.1979E-03 
               20.0007E-03        67.4377E-03 
               25.0061E-03       250.555E-03  
               30.0041E-03       -98.9397E-03 
               35.0006E-03       -30.774E-03  
               40.0062E-03      -268.35E-03   
               45.0035E-03      -158.315E-03  
               50.0047E-03       289.884E-03  
               55.0028E-03        86.9062E-03 
               60.001E-03        -86.5438E-03 
               65.0049E-03      -176.662E-03  
               70.003E-03       -194.407E-03  
               75.0009E-03       347.349E-03  
               80.0029E-03       289.627E-03  
               85.0066E-03      -170.665E-03  
               90.0053E-03      -230.872E-03  
               95.002E-03       -155.708E-03  
              100.006E-03        240.956E-03  
              105.005E-03        294.229E-03  
              110.001E-03       -234.542E-03  
              115.003E-03       -298.588E-03  
              120.002E-03         80.2688E-03 
              125.006E-03        249.748E-03  
              130.001E-03        245.353E-03  
              135.002E-03       -277.164E-03  
              140.003E-03       -260.779E-03  
              145.004E-03        182.127E-03  
              150.001E-03        220.38E-03   
              155.007E-03         42.6852E-03 
              160.003E-03       -252.486E-03  
              165.002E-03       -104.026E-03  
              170.007E-03        271.004E-03  
              175.E-03           137.402E-03  
              180.004E-03       -119.31E-03   
              185.005E-03       -100.84E-03   
              190.E-03            95.819E-03  
              195.005E-03        318.295E-03  
              200.004E-03        -79.0042E-03 
              205.004E-03       -413.921E-03  
              210.005E-03        -76.6447E-03 
              215.007E-03        314.38E-03   
              220.003E-03        274.614E-03  
              225.005E-03       -210.16E-03   
              230.006E-03       -532.775E-03  
              235.007E-03         58.3068E-03 
              240.001E-03        536.841E-03  
              245.007E-03        217.907E-03  
              250.004E-03       -292.531E-03  
              255.004E-03       -424.792E-03  
              260.005E-03        156.863E-03  
              265.006E-03        487.196E-03  
              270.007E-03         42.973E-03  
              275.E-03          -409.614E-03  
              280.001E-03       -188.154E-03  
              285.002E-03        257.042E-03  
              290.002E-03        319.278E-03  
              295.003E-03       -187.544E-03  
              300.004E-03       -413.897E-03  
              305.005E-03         65.7561E-03 
              310.005E-03        387.91E-03   
              315.006E-03         97.8085E-03 
              320.007E-03       -366.349E-03  
              325.E-03          -275.039E-03  
              330.001E-03        289.617E-03  
              335.002E-03        368.906E-03  
              340.002E-03       -111.379E-03  
              345.003E-03       -358.723E-03  
              350.004E-03       -485.046E-06  
              355.005E-03        425.228E-03  
              360.005E-03        181.706E-03  
              365.006E-03       -336.563E-03  
              370.007E-03       -332.843E-03  
              375.E-03           247.043E-03  
              380.001E-03        407.322E-03  
              385.002E-03        -70.2432E-03 
              390.003E-03       -522.878E-03  
              395.003E-03       -226.688E-03  
              400.004E-03        455.478E-03  
              405.005E-03        376.568E-03  
              410.005E-03       -237.283E-03  
              415.006E-03       -453.775E-03  
              420.007E-03         13.1428E-03 
              425.E-03           484.099E-03  
              430.001E-03        238.353E-03  
              435.002E-03       -348.273E-03  
              440.003E-03       -285.046E-03  
              445.003E-03        191.244E-03  
              450.004E-03        307.934E-03  
              455.005E-03        -44.8512E-03 
              460.005E-03       -377.857E-03  
              465.006E-03        -93.2104E-03 
              470.007E-03        358.023E-03  
              475.001E-03        145.98E-03   
              480.001E-03       -286.726E-03  
              485.002E-03       -321.35E-03   
              490.003E-03        125.443E-03  
              495.003E-03        406.986E-03  
              500.004E-03          2.61115E-03
              505.005E-03       -381.007E-03  
              510.006E-03       -144.995E-03  
              515.006E-03        300.559E-03  
              520.007E-03        288.993E-03  
              525.001E-03       -130.744E-03  
              530.001E-03       -350.727E-03  
              535.002E-03         55.2658E-03 
              540.003E-03        340.71E-03   
              545.003E-03         72.3721E-03 
              550.004E-03       -293.841E-03  
              555.005E-03       -290.024E-03  
              560.006E-03        198.91E-03   
              565.006E-03        345.367E-03  
              570.E-03           -79.3626E-03 
              575.001E-03       -342.257E-03  
              580.001E-03       -148.146E-03  
              585.002E-03        279.525E-03  
              590.003E-03        303.972E-03  
              595.004E-03       -151.173E-03  
              600.004E-03       -271.669E-03  
              605.005E-03         22.1073E-03 
              610.006E-03        228.488E-03  
              615.006E-03        115.526E-03  
              620.E-03          -177.176E-03  
              625.001E-03       -174.68E-03   
              630.001E-03        154.979E-03  
              635.002E-03        143.152E-03  
              640.003E-03        -95.4195E-03 
              645.004E-03       -201.204E-03  
              650.004E-03        -51.461E-03  
              655.005E-03        241.262E-03  
              660.006E-03        113.043E-03  
              665.006E-03       -208.094E-03  
              670.E-03          -199.931E-03  
              675.001E-03         60.0741E-03 
              680.002E-03        237.246E-03  
              685.002E-03         78.7202E-03 
              690.003E-03       -209.538E-03  
              695.004E-03       -130.781E-03  
              700.004E-03        132.756E-03  
              705.005E-03        154.084E-03  
              710.006E-03        -10.1886E-03 
              715.007E-03       -175.553E-03  
              720.E-03           -57.4876E-03 
              725.001E-03        179.086E-03  
              730.002E-03         70.864E-03  
              735.002E-03       -114.541E-03  
              740.003E-03       -167.681E-03  
              745.004E-03          4.87146E-03
              750.004E-03        220.634E-03  
              755.005E-03         59.0251E-03 
              760.006E-03       -160.788E-03  
              765.007E-03       -141.541E-03  
              770.E-03            49.1117E-03 
              775.001E-03        194.292E-03  
              780.002E-03         62.6248E-03 
              785.002E-03       -153.395E-03  
              790.003E-03        -85.4671E-03 
              795.004E-03         77.0191E-03 
              800.005E-03         97.6315E-03 
              805.005E-03          5.30271E-03
              810.006E-03       -122.421E-03  
              815.007E-03         -9.48855E-03
              820.E-03           133.127E-03  
              825.001E-03         20.885E-03  
              830.002E-03       -110.858E-03  
              835.003E-03       -119.425E-03  
              840.003E-03         56.5821E-03 
              845.004E-03        193.209E-03  
              850.005E-03         -2.22473E-03
              855.005E-03       -198.839E-03  
              860.006E-03       -108.534E-03  
              865.007E-03        114.055E-03  
              870.E-03           200.754E-03  
              875.001E-03         -3.01593E-03
              880.002E-03       -206.8E-03    
              885.003E-03        -43.9629E-03 
              890.003E-03        145.79E-03   
              895.004E-03        123.356E-03  
              900.005E-03        -61.707E-03  
              905.005E-03       -182.331E-03  
              910.006E-03         48.9981E-03 
              915.007E-03        183.028E-03  
              920.E-03            11.7723E-03 
              925.001E-03       -174.807E-03  
              930.002E-03       -147.519E-03  
              935.003E-03        134.504E-03  
              940.003E-03        228.195E-03  
              945.004E-03        -61.6849E-03 
              950.005E-03       -237.353E-03  
              955.005E-03        -64.2278E-03 
              960.006E-03        185.439E-03  
              965.007E-03        196.002E-03  
              970.001E-03        -94.3539E-03 
              975.001E-03       -209.256E-03  
              980.002E-03         54.5809E-03 
              985.003E-03        178.951E-03  
              990.003E-03         53.4193E-03 
              995.004E-03       -152.046E-03  
                1.              -132.924E-03  




