
                  X               _temp_1     

                0.                 1.         
                5.00433E-03      539.573E-03  
               10.0028E-03      -416.658E-03  
               15.0058E-03      -990.155E-03  
               20.0007E-03      -653.538E-03  
               25.0061E-03       284.84E-03   
               30.0041E-03       960.397E-03  
               35.0006E-03       753.819E-03  
               40.0062E-03      -146.734E-03  
               45.0035E-03      -911.415E-03  
               50.0047E-03      -838.562E-03  
               55.0028E-03         4.98455E-03
               60.001E-03        843.96E-03   
               65.0049E-03       907.032E-03  
               70.003E-03        136.148E-03  
               75.0009E-03      -759.805E-03  
               80.0029E-03      -957.493E-03  
               85.0066E-03      -273.892E-03  
               90.0053E-03       661.106E-03  
               95.002E-03        988.646E-03  
              100.006E-03        406.971E-03  
              105.005E-03       -548.597E-03  
              110.001E-03       -999.96E-03   
              115.003E-03       -532.375E-03  
              120.002E-03        424.497E-03  
              125.006E-03        991.367E-03  
              130.001E-03        646.796E-03  
              135.002E-03       -292.569E-03  
              140.003E-03       -962.766E-03  
              145.004E-03       -747.569E-03  
              150.001E-03        154.489E-03  
              155.007E-03        915.269E-03  
              160.003E-03        833.948E-03  
              165.002E-03        -13.62E-03   
              170.007E-03       -849.288E-03  
              175.E-03          -903.653E-03  
              180.004E-03       -127.082E-03  
              185.005E-03        765.998E-03  
              190.E-03           955.059E-03  
              195.005E-03        265.632E-03  
              200.004E-03       -667.484E-03  
              205.004E-03       -987.2E-03    
              210.005E-03       -399.052E-03  
              215.007E-03        556.274E-03  
              220.003E-03        999.834E-03  
              225.005E-03        524.468E-03  
              230.006E-03       -433.285E-03  
              235.007E-03       -992.504E-03  
              240.001E-03       -640.062E-03  
              245.007E-03        301.88E-03   
              250.004E-03        965.161E-03  
              255.004E-03        741.558E-03  
              260.005E-03       -164.007E-03  
              265.006E-03       -918.746E-03  
              270.007E-03       -828.576E-03  
              275.E-03            22.1763E-03 
              280.001E-03        853.32E-03   
              285.002E-03        899.722E-03  
              290.002E-03        118.707E-03  
              295.003E-03       -771.474E-03  
              300.004E-03       -952.181E-03  
              305.005E-03       -257.232E-03  
              310.005E-03        674.279E-03  
              315.006E-03        985.697E-03  
              320.007E-03        390.636E-03  
              325.E-03          -562.504E-03  
              330.001E-03       -999.642E-03  
              335.002E-03       -517.47E-03   
              340.002E-03        440.581E-03  
              345.003E-03        993.463E-03  
              350.004E-03        632.723E-03  
              355.005E-03       -309.893E-03  
              360.005E-03       -967.519E-03  
              365.006E-03       -735.382E-03  
              370.007E-03        173.04E-03   
              375.E-03           921.781E-03  
              380.001E-03        824.206E-03  
              385.002E-03        -31.3334E-03 
              390.003E-03       -858.062E-03  
              395.003E-03       -895.683E-03  
              400.004E-03       -109.606E-03  
              405.005E-03        777.272E-03  
              410.005E-03        949.34E-03   
              415.006E-03        248.365E-03  
              420.007E-03       -681.019E-03  
              425.E-03          -984.36E-03   
              430.001E-03       -383.48E-03   
              435.002E-03        570.057E-03  
              440.003E-03        999.355E-03  
              445.003E-03        509.606E-03  
              450.004E-03       -448.79E-03   
              455.005E-03       -994.467E-03  
              460.005E-03       -625.6E-03    
              465.006E-03        318.593E-03  
              470.007E-03        969.795E-03  
              475.001E-03        730.101E-03  
              480.001E-03       -180.678E-03  
              485.002E-03       -925.295E-03  
              490.003E-03       -818.982E-03  
              495.003E-03         40.4917E-03 
              500.004E-03        862.736E-03  
              505.005E-03        891.57E-03   
              510.006E-03        100.485E-03  
              515.006E-03       -783.01E-03   
              520.007E-03       -946.42E-03   
              525.001E-03       -240.833E-03  
              530.001E-03        686.681E-03  
              535.002E-03        982.703E-03  
              540.003E-03        375.E-03     
              545.003E-03       -577.569E-03  
              550.004E-03       -998.983E-03  
              555.005E-03       -501.7E-03    
              560.006E-03        456.967E-03  
              565.006E-03        995.389E-03  
              570.E-03           619.521E-03  
              575.001E-03       -325.94E-03   
              580.001E-03       -971.659E-03  
              585.002E-03       -723.802E-03  
              590.003E-03        189.684E-03  
              595.004E-03        928.735E-03  
              600.004E-03        813.685E-03  
              605.005E-03        -49.6542E-03 
              610.006E-03       -867.333E-03  
              615.006E-03       -887.382E-03  
              620.E-03           -92.761E-03  
              625.001E-03        787.808E-03  
              630.001E-03        943.886E-03  
              635.002E-03        231.929E-03  
              640.003E-03       -693.314E-03  
              645.004E-03       -980.966E-03  
              650.004E-03       -366.482E-03  
              655.005E-03        585.026E-03  
              660.006E-03        998.529E-03  
              665.006E-03        493.745E-03  
              670.E-03          -463.856E-03  
              675.001E-03       -996.103E-03  
              680.002E-03       -612.307E-03  
              685.002E-03        334.597E-03  
              690.003E-03        973.784E-03  
              695.004E-03        717.454E-03  
              700.004E-03       -198.681E-03  
              705.005E-03       -932.093E-03  
              710.006E-03       -808.328E-03  
              715.007E-03         58.8126E-03 
              720.E-03           871.17E-03   
              725.001E-03        883.778E-03  
              730.002E-03         83.6401E-03 
              735.002E-03       -793.424E-03  
              740.003E-03       -940.82E-03   
              745.004E-03       -223.012E-03  
              750.004E-03        699.894E-03  
              755.005E-03        979.144E-03  
              760.006E-03        357.947E-03  
              765.007E-03       -592.44E-03   
              770.E-03          -998.077E-03  
              775.001E-03       -486.988E-03  
              780.002E-03        471.948E-03  
              785.002E-03        996.87E-03   
              790.003E-03        605.03E-03   
              795.004E-03       -343.211E-03  
              800.005E-03       -975.83E-03   
              805.005E-03       -711.035E-03  
              810.006E-03        207.647E-03  
              815.007E-03        935.371E-03  
              820.E-03           803.73E-03   
              825.001E-03        -66.5501E-03 
              830.002E-03       -875.629E-03  
              835.003E-03       -879.449E-03  
              840.003E-03        -74.497E-03  
              845.004E-03        798.964E-03  
              850.005E-03        937.677E-03  
              855.005E-03        214.062E-03  
              860.006E-03       -706.405E-03  
              865.007E-03       -977.243E-03  
              870.E-03          -350.683E-03  
              875.001E-03        598.668E-03  
              880.002E-03        997.468E-03  
              885.003E-03        478.97E-03   
              890.003E-03       -480.014E-03  
              895.004E-03       -997.552E-03  
              900.005E-03       -597.714E-03  
              905.005E-03        351.812E-03  
              910.006E-03        977.79E-03   
              915.007E-03        704.567E-03  
              920.E-03          -215.224E-03  
              925.001E-03       -938.09E-03   
              930.002E-03       -798.248E-03  
              935.003E-03         75.6835E-03 
              940.003E-03        880.022E-03  
              945.004E-03        875.054E-03  
              950.005E-03         65.3629E-03 
              955.005E-03       -804.446E-03  
              960.006E-03       -934.45E-03   
              965.007E-03       -205.109E-03  
              970.001E-03        711.871E-03  
              975.001E-03        975.566E-03  
              980.002E-03        342.094E-03  
              985.003E-03       -605.977E-03  
              990.003E-03       -996.774E-03  
              995.004E-03       -470.899E-03  
                1.               487.188E-03  




